,date,volume,stochrsi,stochrsi_6,wt2,trix,vr,vr_6,wr,cci,cci_6,atr_5,dma,pdi,mdi,dx,adxr,kdj-k,kdj-j,bias_6,ROC,lower,MACD,MACDhist,return
0,2020-02-06,-0.37853565473849077,-0.8852371584232039,0.20462526733380038,-1.9421197935201722,-1.2076059316403118,-0.3351998249215525,-0.44241475428760535,-0.9414230058902249,-1.080339201791123,-0.47553189699636783,-1.1422065699195643,-0.477285881577774,-1.4105243845056146,4.928102055938239,1.9217795839522145,1.5736101063093086,-0.965214381942403,-0.2344223381089311,-1.2447399398216041,-1.7979638336686519,-1.6828637638147455,-1.329332226047021,-1.1748181902559582,0.008412247294651924
1,2020-02-07,-0.490642212066234,-0.7388523278963836,1.2953883797079795,-1.995556083259648,-1.3718206327135014,-0.19971065686527634,-0.1445103290946306,-0.8234252750559476,-0.8477445870574716,-0.2519789221494349,-1.2729667346642373,-0.538034315920672,-1.2333226963401016,4.285092919477607,1.5951732328782608,1.8053240401925599,-0.028211139896342843,0.9341459286981844,-0.3999462924393194,-1.742706797418535,-1.7309692259407954,-1.241989572281958,-0.7926518883650606,0.02482030204978003
2,2020-02-10,-0.3018434576866952,-0.12130630646177831,1.2953883797079795,-1.961990460143628,-1.4890560267246307,-0.013809653450296085,0.667632689652011,-0.5715193272508078,-0.621637998999761,0.975493986457179,-1.2587737542709638,-0.5903026362422273,-0.4418680700322366,3.3447225575168122,0.41264170312226417,1.8248134972605963,0.8592186831280576,1.684290882170921,0.5756985448907647,-1.4796367474304497,-1.7640551732525294,-1.0732471241374537,-0.35020549374396587,-0.011299555253933282
3,2020-02-11,-0.5252782347536992,-0.031268154605704306,1.0584659570678008,-1.8897355565693834,-1.5727932300622862,-0.15035487005882958,0.2049032274454091,-0.6392968607888103,-0.525079333841325,1.0116089285161287,-1.361424290856837,-0.6548539231422927,-0.6028878344912273,2.8299429860609138,0.41264170312226417,1.7346094580418883,1.4215614293557837,1.7448901425235341,0.3185874348178955,-1.655509450877698,-1.796139346274464,-0.9585430682675262,-0.0870074501155699,0.015377032870589512
4,2020-02-12,-0.5719266008900755,0.3216308004778802,1.2953883797079795,-1.7956591645286157,-1.6182639450024623,-0.043488299961658115,2.534502767602277,-0.4387507162322965,-0.44128264089115665,0.8329883975226055,-1.4391095531292697,-0.7023842898001641,-0.7543122953264108,2.467596884367352,0.46225705583661536,1.601934663212579,1.4356520677432243,1.1545820396727637,0.42648227565204594,-1.3271981143600442,-1.8182902873605593,-0.8103618210233827,0.17977691410688737,-0.01641062469387226
5,2020-02-13,-0.5115276040238441,0.15382718196785683,0.7134733317826428,-1.6951357134745781,-1.6419171912584931,-0.17398245714354368,0.40391316375563885,-0.5874214167652622,-0.417634669102028,0.43226071546765255,-1.4969131972032816,-0.755010910213476,-0.8624390286767094,2.0025712989502655,0.41373027940835616,1.4525308572557891,0.8985500868571745,0.11922729370406258,-0.06019232555731366,-1.4332391051431186,-1.8327711541851914,-0.7333286653561416,0.27370908930016186,-0.002070394114308402
6,2020-02-14,-0.5496142566869144,0.1327746361622668,0.47876782090163483,-1.6038691482507752,-1.6471107168198718,-0.28135080046553546,-0.2300794909638779,-0.5885351584805337,-0.4010336605290826,-0.15599737794133553,-1.543077258784359,-0.7857772421474114,-0.9947423016693335,1.839340106445597,0.5383298520954672,1.322001600720835,0.5472444762033922,-0.17859519028232568,-0.17726970603692377,-1.0880450423117356,-1.8457117527369018,-0.6643556483843673,0.3353175890234449,0.040614719154190126
7,2020-02-17,-0.3218207891244092,1.4188121281737172,1.2953883797079795,-1.500657994574432,-1.613377936270606,-0.12291682004029161,-0.1660274461753716,-0.10193691967991009,-0.09418367466295638,1.8956722019501986,-1.4916268336160399,-0.7541072207720344,-0.25188394403921704,1.2589699099750988,-0.7973567503297321,1.0488473157176401,0.6869766402122,0.4020243981545208,0.566516005245305,0.17966141706917685,-1.8482951162397574,-0.48830334110275087,0.5644472119729025,0.022627625521934123
8,2020-02-18,-0.32604975668849673,1.4188121281737172,1.2953883797079795,-1.3647766699720856,-1.5399140453554632,0.22443256326242353,-0.1752114876365175,0.3262662912511292,0.4152367747435008,1.650714785153097,-1.5219830291883603,-0.6929866790120728,0.2592796575329054,0.8840377334714152,-1.4684628029867932,0.6434078640606389,1.3633272828094483,1.489018683797148,0.9062699721273108,0.8960482431492834,-1.840295246521276,-0.3018119139758257,0.7652837197017365,-0.007812539736793625
9,2020-02-19,-0.3169691514895358,1.3013896840971892,0.9241913168653153,-1.1941299574968753,-1.4461909630444516,-0.21927084309988315,-0.261987686624693,0.24425504068833626,0.8608247670895405,1.1554176556924711,-1.5294364680293746,-0.6446269863308842,0.5575663530677919,0.5243712934989934,-0.9119613495407995,0.27146218369630554,1.7424067727737407,1.7042826983486887,0.5137164022839122,0.6078246344673288,-1.8319038079931895,-0.20207665154252083,0.7802433910081034,0.02229854872245582
10,2020-02-20,-0.31842204832136956,1.4188121281737172,1.2953883797079795,-0.985974692582591,-1.3281533474550777,-0.2371318420101791,-0.1782037682077982,1.730017917135536,1.3757240153207309,0.9272860821332577,-1.5479989150353666,-0.5925062853614628,0.2764240392946172,0.22369884103488522,-0.8792387770050967,-0.04903830070646359,1.752326906121218,1.2740417821317276,0.805262036027255,0.7636273505192692,-1.8220752297831522,-0.07429230381008041,0.8393203932804838,0.00668898815079671
11,2020-02-21,-0.2622001298466601,1.4188121281737172,1.2953883797079795,-0.7624543457123448,-1.1942218686498574,-0.6365763755134555,0.45845195133420563,1.6402194089218465,1.2121084301870277,0.9673399233470195,-1.5796415646391262,-0.542343804848248,0.44839615459087606,-0.02430911780955684,-0.4772910455253576,-0.26811365440671214,1.6309306369370964,0.9309791921164411,0.6376806874976171,0.7466664173452653,-1.808151654793438,0.021025004359987057,0.8320526455108,0.006644542718668511
12,2020-02-24,-0.28287796511400826,1.4188121281737172,1.2953883797079795,-0.5519950211853424,-1.051046297657412,-0.0995186675799108,1.8797944780964073,1.557785670446545,1.0614399679799307,1.0009556693140416,-1.5671496987597089,-0.5016555950078015,0.43969466976907573,-0.28610544801223625,-0.19204618994009817,-0.38277816954212074,1.8165870860390858,1.2518648547585347,0.4425517200316003,0.5695427391720247,-1.794025900885614,0.09252960474312229,0.7862443029245398,-0.015252917255268764
13,2020-02-25,-0.11076157971427479,1.1185718391957222,-1.0331563614945274,-0.3853504018416429,-0.9170384311539046,-0.10074797797254136,0.10603631755981274,1.1037188382664687,0.5140413143641487,-0.4143818268157172,-1.4479924083119222,-0.4612441858512367,-0.028046646568155937,0.9556250523886812,-1.2616788008301627,-0.5652396390116924,1.3283388513129095,0.5044704960238492,-0.046418516089124236,0.5314414500793043,-1.7699313416811835,0.08353219688924804,0.6143921340266724,0.007655539781328278
14,2020-02-26,0.11485254260047983,1.2649829317420112,-0.293345360586552,-0.2294493452494597,-0.7896984140359818,0.08048897533766558,0.2561861754409577,0.7424116690214934,0.9018412084202928,1.0496132491552632,-1.3400991420988315,-0.42563018009722126,1.1520833054991377,0.4154416313487935,-0.38725361740789455,-0.6607725410480847,0.7810972483855415,-0.17532387288998855,0.05229378509956664,0.4574570755655899,-1.7523121969926903,0.0919795530950175,0.5062093941572011,-0.011505400166769991
15,2020-02-27,-0.3077328787728784,0.9221909891571818,-1.1925022989228398,-0.1073525525757595,-0.6790801384945188,0.04529519954866081,0.2497191948376049,0.44268200816245,0.5937209727740269,0.13735645544919728,-1.3503533166410968,-0.38669291358057417,0.7092817294845047,0.12690219966512,-0.4274825402103329,-0.7090617513281756,0.1537950055961595,-0.6643059420374583,-0.2736863723142497,0.5043908435558206,-1.7298022897467078,0.0558455243841299,0.34478745270185923,-0.06782259633876106
16,2020-02-28,0.05310442724754561,-0.4227279587487303,-1.1925022989228398,-0.0897482226296892,-0.6230788434753796,-0.037531128772313405,-0.32748411347439643,-1.438372147639089,-0.6514682758895175,-1.7924159849786259,-1.2158420076913874,-0.37059736928533354,0.16369301074973056,2.295217731436492,-0.6376147974586777,-0.7549272764853266,-0.6591091336263584,-1.3684918428159447,-1.511033589539933,-0.10599137896586577,-1.7271580017343735,-0.1589551000192535,-0.0844259123461478,0.04045040846284269
17,2020-03-02,-0.3815192821610065,0.5104346176601835,-0.1197524699396373,-0.1132393388195556,-0.5791756481761823,0.00597156131372264,-0.3517273762323215,-0.4134606933338542,-0.4379794911826545,-0.837262783451789,-1.2173751798959846,-0.36044056084929965,-0.16480286760118767,1.6746345084225522,-0.6376147974586774,-0.7958120515870012,-0.9110596361611236,-1.1331283808095751,-0.4734066096029964,-0.10746696853581696,-1.7218822467930666,-0.17662974294746198,-0.09671771017229078,0.00888017675685917
18,2020-03-03,-0.37267217823859033,0.7325667589974539,0.37277672611317203,-0.17257373321201402,-0.5387052314385804,0.3273318029646667,-0.36997176249132974,-0.18285561611517676,0.00974997873178195,-0.045835985105795805,-1.260571125654908,-0.3585486430328123,0.4002688766967395,1.2083316105693909,-1.495774444828914,-0.9354542954252129,-0.8922422238519523,-0.6565186988593391,-0.12676573798689586,-0.23007089611060633,-1.6965828798660012,-0.1592534992521052,-0.04768215157319047,0.009775248904642247
19,2020-03-04,-0.49707646946435485,0.9807407290983533,0.656852824948921,-0.25032863116270093,-0.49571747964731283,0.375452866708329,0.027460344969320972,0.07337224746113055,-0.16078808264446984,-0.09541748944874635,-1.3119117750767015,-0.3496141911461809,0.09812840070983553,1.128651441919424,-1.2661845467389716,-1.0860890952270068,-0.10897749711804731,0.5972925513022814,0.14641481646552768,-0.07291538776002687,-1.6779546977992705,-0.1187187641193003,0.030441664041134207,0.024977283086197132
20,2020-03-05,-0.20465503747153063,1.4188121281737172,1.2953883797079795,-0.22076581572354795,-0.43758688969515025,0.7712311850600635,-0.07053299780378404,0.6825589587700738,0.5940981096645186,1.0048978545812348,-1.3655711471142937,-0.3426095757018897,0.6834207739484044,0.7652470155906674,-1.0101102659326413,-1.198812250143484,0.7809245983733298,1.5720697128072756,0.7134366395726589,-0.04873610741033513,-1.661628875638663,-0.022165996137841995,0.18702465327542264,-0.003802285949738459
21,2020-03-06,-0.39926537917840443,1.2900857411179625,1.1386928054334915,-0.12401396510797538,-0.375231215751662,0.6704365847611389,-0.027378891685026427,0.5745062783161909,0.555973386719882,1.0293257887839231,-1.4378717847207398,-0.34048584068742865,0.5212555731565944,0.4762588062317855,-0.9000021143814068,-1.2695653446931463,1.4517409333868803,1.8564594900363647,0.5734029099793998,-0.14306556691087174,-1.6451113734885632,0.021869330040760717,0.22408645372649338,-0.03291681501314187
22,2020-03-09,-0.3214835095027335,0.269454507554919,-1.1925022989228398,-0.05145210541141645,-0.33328902078898953,0.6020900905857002,0.21376941110579292,-0.3439415055418322,-0.3780841571422505,-0.1634702904888681,-1.4075842772837965,-0.354205657862227,0.14294928198207346,1.360619969497992,-1.1523793014699224,-1.3439018301807513,1.0372640476590527,0.5871248559255878,-0.36551176876884583,-0.49000034601308823,-1.6365510474536498,-0.0499026904035025,0.05923404316627696,0.022385362960800154
23,2020-03-10,-0.36042633351313447,0.9832481750861997,0.14386059450003366,0.0015988344583616108,-0.2924031432367632,0.8159118516300552,0.22260298254392338,0.2773614070680085,-0.4223414812612182,-0.5188799444807897,-1.328802401336441,-0.35210016919291687,-0.22825357310269298,1.7334373300587749,-0.5333232036564497,-1.3385166590312219,0.6863906715329178,-0.03856531902398037,0.0362243407200123,-0.1602493283743352,-1.6212839273920487,-0.03246555588889166,0.07718151902275122,0.0019230775157414838
24,2020-03-11,-0.305527588938845,1.0442294242604508,0.2565253767188565,0.03997138368971707,-0.25312313953326426,1.4669344050995317,0.2507226416852293,0.3313877472949499,0.3336596197689049,0.5232972076090757,-1.4084534363907653,-0.3532218859339975,0.11623913224326876,1.345128285236587,-1.1362089304655973,-1.3664067645914388,0.49460142681494795,0.0010938200568181959,-0.005097087684555969,-0.21127641794410584,-1.6106940781757426,-0.019368559533481166,0.0842501097872141,0.07937744542480739
25,2020-03-12,1.4188274491712671,1.4188121281737172,1.2953883797079795,0.12211247610509714,-0.1668424379293027,2.010867379045245,1.0530890825464647,1.6649001689443912,1.4712518395831855,1.8019983665529,-1.0357610151163075,-0.3167215311147368,1.6074000865284572,0.4595808292156766,-0.15600206014433343,-1.289480585617754,1.4189765906186558,1.5935542213731277,1.5077263189049157,0.6331864154960215,-1.6144252187239825,0.22049475159653947,0.47076568974102123,-0.023340377317096286
26,2020-03-13,1.8292189149917348,0.9248169166426584,0.41254195488428974,0.2774454276058831,-0.07276388941112308,0.5050826793672798,-0.36060549904699485,1.1223721895397054,1.4225093272757232,1.1555432633150946,-1.0019753917541436,-0.2571381198606668,1.0115547529134266,0.06353676426543842,-0.15600206014433327,-1.1653564426113936,1.50397086346329,1.410152030796726,0.7639406076226868,1.0753322814985435,-1.5979648041375922,0.28025096122319715,0.47748296986642247,-0.053159368280095924
27,2020-03-16,0.43451579019018677,0.015315361459895056,-1.0062766475956686,0.45925212272258126,-0.013637733746049074,0.022301697587468507,-0.4430008867929346,-0.06701607300133827,0.6421542359254409,0.33183025745004824,-0.8868271078325,-0.23800780561152654,0.43380023323816896,0.39200336398846775,-0.8984910107735428,-1.11781601274915,1.0243690340544602,0.2771391607443816,-0.4458589906666175,0.1671873314643967,-1.589964081298321,0.14365648633013137,0.15308003383531638,0.09583250940617172
28,2020-03-17,2.3218287747422233,1.214384045350748,0.5019746972454692,0.6412117095847537,0.08105525529648029,0.5212866077146697,0.03765608205688302,1.790098933422397,1.1343983763790324,0.8036073996923021,-0.5387428370685716,-0.1835137205811951,-0.19298923069327945,0.852197997865304,-1.1576048149307594,-1.1448234970490951,1.079975043261281,0.5255058181635065,1.3171886212616286,1.0079004127227151,-1.6090424331268502,0.33789692484980854,0.4492046701507165,-0.03723834514011876
29,2020-03-18,2.2105524441755278,0.6476741160000639,-0.3695227384700362,0.7846258570320003,0.1656375430220665,-0.06442792610414605,-0.38862800805141495,0.548973281907567,1.3351849713258361,1.3682502715645297,-0.516243872554777,-0.1494630441590109,0.2329792238544603,0.3786191107383011,-1.0667396121621284,-1.1965817327002835,0.7781579821775931,0.2589571314360798,0.18314497504736618,0.5442765337670358,-1.6064531996639595,0.32111544670415415,0.3316868523946353,-0.014558946875566064
30,2020-03-19,1.040996439135645,0.00306835136959897,-0.6835822769236494,0.870856878326793,0.227988116462196,-0.41755994839359917,-0.5261471014389791,0.2665561390226185,0.6514768114158881,0.07597729237272764,-0.649306005962152,-0.13382541980762713,-0.05470973842460548,0.6381036320392324,-1.4853817640535862,-1.3077877779271074,0.8818528919392018,0.5157180427430498,-0.32419034036427763,0.1709130575142822,-1.6049514637969056,0.24871059174118604,0.14425149788013192,-0.002753558417182807
31,2020-03-20,0.5623966559778392,-0.1721302274029572,-0.5407219116697222,0.934408129668368,0.2695997192201321,-0.540408918567254,-0.6882203592769167,0.10842829844794125,0.3825474877849808,-0.5253676691399678,-0.7263821094075524,-0.10732074007219472,-0.3251995226904842,0.7650356899688497,-1.0683056227633443,-1.3893921931931532,0.13771062243348015,-0.4985971539613241,-0.2530256581119656,0.18062740259945767,-1.6036853098853963,0.18145969064324044,0.002959431646285534,-0.08935369025729525
32,2020-03-23,0.34194550633335097,-1.3549407416944634,-1.1925022989228398,0.8765279102443431,0.24070218774234792,-0.6306006076758712,-0.6633497440905631,-1.50389509384716,-0.9022168723800957,-1.7011171507490321,-0.6160016820644755,-0.10024006750749587,-0.6398278395731564,2.034126970978791,0.12295012384074579,-1.3039823396401766,-0.630405302661989,-1.3618352699968974,-1.8576744611560334,-0.32793476442700215,-1.6185454129238601,-0.12611135055867354,-0.5136989776876758,0.024815169119723993
33,2020-03-24,0.1786243356834682,-0.9394933490841532,-0.6891800510663623,0.7020923821749493,0.18429200244977129,-0.573175146368128,-0.553675660743678,-0.8474025613722639,-1.0987455734517069,-1.1333258829752677,-0.6661694691713462,-0.09354213400034748,-0.8422071283140389,2.1298543829086514,0.44119898406551683,-1.101529281332052,-0.9544411495175975,-1.2024479555512693,-1.247035574732969,-0.30662553706768,-1.622851316213056,-0.2423649153678277,-0.6057023663763264,0.005865119452398058
34,2020-03-25,-0.12676938945072874,-0.8392557051247672,-0.2767354941119331,0.4927896120939288,0.11720328232833727,-0.5503079698268468,-0.7141841949416536,-0.7514934161070032,-0.6087450298260503,-0.4886810841646389,-0.8657556704513215,-0.08493050520544082,-0.6509133343291102,1.7388593809629704,-0.01023219697363359,-0.9109300880139855,-1.085143732936577,-0.9349176373792764,-0.6914919261826623,-0.27194377788684826,-1.6266818922847224,-0.28989292230600916,-0.563878477881714,-0.023669744085904734
35,2020-03-26,-0.311546732956442,-1.1902015316783796,-0.7570012779631783,0.2531182183120093,0.03324945287629709,-0.550853178157619,-0.6540022854993094,-1.1351299971680449,-0.8277465118667925,-0.6067362901717547,-0.9540904590273012,-0.12224756331669846,-0.8208734281916612,1.9971067112666798,0.351811759535287,-0.6977938859765883,-0.7773219951642356,-0.2891136701445766,-0.8475951001554757,-1.1350961616017274,-1.6351144873946237,-0.37592477790521106,-0.5950877154296056,-0.0009985023295895493
36,2020-03-27,-0.3832575694419505,-1.2050372381292658,-0.7686427033040945,0.06358147419126503,-0.0567609009349657,-0.6857357492737269,-0.5880978139570713,-1.1511148547122547,-0.8389686324189548,-0.5858361746838996,-1.0583269344244919,-0.14980477546039636,-0.9600442093879356,1.5667510232090205,0.35181175953528665,-0.4905580845672012,-0.6481895946239975,-0.17326364458461793,-0.5422756569439434,-0.9554314017639828,-1.6222660190797886,-0.41847991739678353,-0.5470346797220251,-0.03974032864951411
37,2020-03-30,-0.41400190418700383,-1.3549407416944634,-1.1925022989228398,-0.10830923409236919,-0.16739610917779332,-0.815097799807458,-0.5092890569973209,-1.5307893770657575,-1.2638837529066227,-1.9349022609251019,-1.070382342040632,-0.1676021416365345,-1.1095281473053076,2.346443853507758,0.9223168916146952,-0.23368821399748027,-0.990897108166924,-0.8630379786047546,-0.9669681155464506,-0.8455752632921798,-1.640797008270569,-0.5369192266166306,-0.6360419501446086,0.005184044787587919
38,2020-03-31,-0.6304835321302321,-1.2633022360308672,-0.7621911751550111,-0.28484235167461064,-0.28067253115332336,-0.852345416387911,-0.16411445317184323,-1.4563299979068292,-1.0991735688571638,-1.079904959479861,-1.1891250862968958,-0.23266778142026526,-1.207797392448787,1.9216777597013754,0.9223168916146952,0.027536191564973115,-1.0755318458360146,-0.8978744200192614,-0.7465871640554199,-1.5598061301792452,-1.6579101766871345,-0.5755585261799349,-0.5732212989541254,0.005157309007144757
39,2020-04-01,-0.5783868028744792,-1.1494897013587058,-0.28153391569239106,-0.4391356507359129,-0.38524027409739925,-0.7329415293201632,-0.3785715117170002,-1.381870618747901,-0.8748835553910586,-0.5558043331908861,-1.2547465388674537,-0.27706551209622254,-1.000083165920954,1.4970855595048032,0.3802819251614207,0.20356753836945465,-1.2031911478463069,-0.9060792713030275,-0.45045026048934733,-1.2338153037075488,-1.6737244514743796,-0.5642686199260664,-0.4391072056658072,0.014300550142196113
40,2020-04-02,-0.5846653927549036,-0.8491392964964862,1.2953883797079795,-0.5715802696621243,-0.4692818934608919,-0.8117404461506615,-0.5082909107938209,-1.1733843571029061,-0.7807247947876066,-0.34074421604396626,-1.3156358354472604,-0.31045949486757773,-1.1190659903357232,1.2454555642403953,0.4493870128455322,0.3301891158963991,-0.7468945527207744,-0.14342487875199347,0.029337435985917593,-1.0038680631362975,-1.6863511778631148,-0.4986588556878866,-0.24058412901377468,-0.007124712072125055
41,2020-04-03,-0.5771155181466247,-0.9669947375400618,0.771648628967638,-0.6538205670162873,-0.5386311491251108,-0.7888545819283937,-0.45252503540672884,-1.277627487925405,-0.6358385087117108,0.17880035039734068,-1.431484656760878,-0.3450016948115869,-1.0760134016772616,0.9679769053938948,0.20717778270933943,0.3917326029835102,-0.16181230500462726,0.5812169491602633,-0.04412288117775933,-1.0391244959079962,-1.6999321796331115,-0.4605936455703941,-0.12802755793920093,0.026211177962665925
42,2020-04-07,-0.414598629671507,-0.05660265069692912,1.2953883797079795,-0.6786912451531099,-0.5785211546998545,-0.6210208403261972,0.09975494020407595,-0.890438716298981,-0.3297073561644623,1.769874314856886,-1.4318497360579523,-0.32624748099157,-0.6000143695224088,0.6146841128389663,-0.824865294465676,0.28921202176169863,0.6712349007873059,1.3712503105183336,0.5504465608657507,-0.05317463382813012,-1.7021016585496291,-0.3505059803366058,0.08298153443271644,0.011869575555383729
43,2020-04-08,-0.1782693932219785,0.5240841220629242,1.2953883797079795,-0.6512920190193946,-0.5896081501135048,-0.5962343683853549,2.455548967488561,-0.3952207437233374,-0.013901199440188946,1.3006073533067628,-1.4657104933720242,-0.3135214073279883,-0.46824294863487553,0.3315113607855553,-1.260027379993993,0.058295001453732585,1.270033900133003,1.6568947986068963,0.6101330685612383,-0.16937188409243856,-1.7049259901696343,-0.2400548059561156,0.25239933265294723,-0.006906786213254877
44,2020-04-09,-0.416129360262189,0.3488253550099259,0.8678773012485955,-0.5815268085537505,-0.5849582372976373,-0.7282305690678379,0.34260806377072694,-0.45606243450678347,0.20202436086995268,0.8885585916390073,-1.5137795201195554,-0.30940696245931143,-0.5517542273522322,0.09388758296403915,-1.3822515688743746,-0.23418283119566255,1.4781801178946474,1.3604312054062342,0.2772660064133272,-0.2825454552809731,-1.7090391806294072,-0.18625485563093222,0.2927861711977253,-0.030153038170687443
45,2020-04-10,-0.3163464814187499,-0.25676211710536906,-1.1304769722338481,-0.5245049641222016,-0.5868853949397677,-0.845354987219861,-0.27244057194010607,-0.830871212971838,-0.3925281430941836,-0.41245680060260564,-1.4641169337818027,-0.3055795718837966,-0.7626945201404809,1.067831959749027,-0.2473134496553142,-0.39581050584008737,0.5460238589381134,-0.3549067386926727,-0.44356335575525263,-0.33944406243793734,-1.7103669654459495,-0.23202614205406535,0.1578628160443891,-0.015424470325631752
46,2020-04-13,-0.5729643843413854,-0.8810064436508972,-1.1925022989228398,-0.5253108235788099,-0.5999628456926582,-0.9668737034846506,-0.49316360340155757,-1.1700216754634682,-0.9528466752541895,-1.241489654031531,-1.5167007468569493,-0.3118947663333945,-0.8994421930123313,1.155631091336301,0.022741039109725462,-0.4445560586717594,-0.5523251865157923,-1.6701119828416966,-0.7121526403849464,-0.4647332215586021,-1.7183238128075744,-0.2949007131591738,0.021198661349394653,0.011334485074106424
47,2020-04-14,-0.6098575860354494,-0.24018052495511702,-0.4368452514598989,-0.57616181355687,-0.6111345115101372,-0.8772347557365647,-0.2818242126032261,-0.757852983086957,-0.6725086810614955,-0.8078318268526363,-1.5797482137462924,-0.3057709414125727,-0.8932243167611195,0.8580483364706969,-0.1844602461325975,-0.4569935141931693,-1.2429074026466322,-1.8330398769150524,-0.4458589906666175,-0.01290125320582079,-1.7272085671018513,-0.29416902228025005,0.018695928756562848,-0.021751245932362193
48,2020-04-15,-0.4670066939626529,-1.1486400708276434,-1.1925022989228398,-0.6822118157208876,-0.6311742222072632,-0.8653564814516971,-0.5577680659815061,-1.5325209905345651,-0.967765928373551,-0.883270423222093,-1.5924214191291912,-0.3147653092650298,-1.028645729209085,0.968441104404556,0.12245027431874812,-0.4124695309319796,-1.4092564439228379,-1.3243978324148789,-0.744291529144055,-0.25405809441944693,-1.7114746438834603,-0.3426319265199105,-0.06593002934002204,0.0041797344027078446
49,2020-04-16,-0.7004820259210793,-0.8972132206695139,-0.838263994900006,-0.7929225253900879,-0.651458313969097,-0.9045136993861682,-0.6834201896549745,-1.1846440680976729,-1.0108250474741947,-0.8110482859252601,-1.6403247411545534,-0.32270714470921974,-1.1330889966848023,0.8448551556515937,0.23397550512350726,-0.3289199296617276,-1.2782636317202116,-0.7699389645813234,-0.42978954628706323,-0.2626889433949529,-1.7025582457383373,-0.3502555761686052,-0.06504006440153913,0.00416233691468733
50,2020-04-17,-0.6613835343929819,-0.6343459294303755,0.6801829962781141,-0.8634494744259705,-0.666619436114208,-0.9454903073963316,-0.5149976672174685,-1.0062644172128679,-0.5530145376583013,-0.08002064936583989,-1.6618630586328147,-0.3352418488440263,-0.7022001457660015,0.5460101422768552,-0.7309686364873288,-0.34993530445277177,-0.9280397935395677,-0.23835402704600403,-0.1497220871005449,-0.3517018755922637,-1.6904327028398827,-0.3328610543766613,-0.022309336354806353,0.006211200092640455
51,2020-04-20,-0.6753676663993817,-0.35828848510411765,1.2953883797079795,-0.9117889547917908,-0.6724423838544332,-1.1866356737833506,-0.09700426203613297,-0.7481385694619251,-0.5276286168370617,0.4269460888438664,-1.7042702154033171,-0.341365673764849,-0.8356579620687115,0.3045666919858365,-0.7309686364873288,-0.4225846160179815,-0.05041719124896439,0.8535558259629397,0.0362243407200123,-0.23442560615226857,-1.6651223559897312,-0.2956348929731279,0.04518306915027648,0.03149066709137089
52,2020-04-21,0.33161956099281825,1.4188121281737172,1.2953883797079795,-0.8929820608077681,-0.6520886260923996,-0.7878182803146832,1.8418497969151753,0.6555457886566056,0.19066640024840056,1.7281492808252814,-1.4738426531001991,-0.3457671729266895,0.33545837474275886,-0.1753588922194085,-0.40611140239431337,-0.47603737735651863,0.7386585584478276,1.5001202721130584,0.6307937827635224,-0.18756381487969218,-1.6651702556393013,-0.1796168764556974,0.2315102358232064,-0.004008021397538711
53,2020-04-22,-0.10990540836694418,1.1896594951207038,1.037681941158831,-0.7968141026072354,-0.6175999698270409,-0.728743206068406,0.012145514451719769,0.49346676797578126,0.5875950819873522,1.3520934259526802,-1.5076969702061285,-0.35849324659027215,0.05815186116657293,-0.3834583171178889,-0.4061114023943131,-0.5153324896949785,1.0166284248182853,1.2076739467308357,0.4540298945884248,-0.3277529854717246,-1.6622919479353162,-0.11689592180731637,0.29105798335248223,0.007003530377337163
54,2020-04-23,-0.2656248152359825,1.4188121281737172,1.2953883797079795,-0.6506550632532702,-0.5708152817157681,-1.1007574535289661,0.9671873618864725,0.7771050541672238,0.6294926006664554,0.9829765144193963,-1.5179960878997838,-0.36375590863160207,-0.04009096715279889,-0.5814806191400441,-0.23406212326922043,-0.5232185804850615,1.1612175891803393,0.9712129033482821,0.42648227565204594,-0.20505471036842549,-1.6572723362154873,-0.05902995591894321,0.33054208470103713,-0.03242431967061043
55,2020-04-24,-0.46148049708442807,-0.289752466232944,-0.891241659488833,-0.5123392579934922,-0.5370444708900675,-0.8164580012891282,0.17183058881165808,-0.5195271112793921,-0.2019622240765901,-0.21424593273786138,-1.496862796013247,-0.36844446208660797,-0.3194086574403044,0.1825323817238106,-1.4729788264444632,-0.6654969996192774,0.6411449359710928,0.02584117945519912,-0.3678074036802108,-0.22520570015127453,-1.6591383856923787,-0.11341142481965412,0.1736064916765853,-0.04206719101425784
56,2020-04-27,-0.4345500165229383,-1.3549407416944634,-1.1925022989228398,-0.48932280734208455,-0.5359244390333987,-0.5903007769408366,-0.2077792786479908,-0.6592909044751813,-1.5952408630919928,-1.6808269566465435,-1.2911323991476018,-0.38145759004335344,-0.6908460792087678,2.662051101214374,0.45685928844474694,-0.6294232253680743,0.11161894397054982,-0.5970928230987637,-1.1827577972147516,-0.45819616444342437,-1.6767575534990404,-0.25514580018350946,-0.09865376300461157,-0.04055350210355302
57,2020-04-28,-0.27820793958311407,-1.3549407416944634,-1.1925022989228398,-0.5943509494582011,-0.5756984030465804,-0.4266581029545636,-0.44171993057123765,-0.8040658364746285,-2.1897101021683922,-1.375663483910208,-1.0887833324223344,-0.41006733459531763,-0.9885541161494847,3.148101682231844,1.007681593927266,-0.4381364735087431,-0.6108614972390706,-1.2205433525985785,-1.7796228741696267,-0.8945206109908781,-1.7119833027589748,-0.43523276412029166,-0.38087626931831275,-0.018059181538397532
58,2020-04-29,-0.5535059446293262,-1.3549407416944634,-1.1925022989228398,-0.7953231067737103,-0.6462202500679947,-0.2129275009738157,-0.7243433854012933,-1.0832493191736803,-1.8358425212716714,-0.950894922687209,-1.2038455974463946,-0.4325532542264591,-1.1078500125134072,2.6030340147959654,1.0076815939272672,-0.18327467200262443,-0.8886740518572014,-1.1026623813137222,-1.7107538268286795,-0.8642167541500585,-1.7508396493298932,-0.5730926616680349,-0.5357326721467303,0.03139271240786286
59,2020-04-30,-0.6147611128428883,-0.4297004442098052,-0.26802636065963453,-1.0063382047598015,-0.7127685207704049,-0.41439938838456364,-0.5852665490992383,-0.5126553399347404,-1.154072043761442,-0.5453447038571908,-1.2539345728127984,-0.4470016536490231,-0.8847084620448691,2.0370471559762158,0.46135547764136137,0.016604796133468207,-0.810841861442623,-0.5662022413386316,-0.6754224818031079,-0.6373719648377073,-1.768967908673283,-0.5589129853860051,-0.4042628503104078,0.019672765598704713
60,2020-05-06,-0.7141548228920862,0.1144433234517778,1.2953883797079795,-1.1382179444975054,-0.760130211928447,-0.5635597392995191,-0.6910590963604649,-0.1458449247097103,-0.7282906401003499,-0.07232109321866312,-1.2982018362400685,-0.4542736957424989,-0.6244579598310835,1.5440770489095073,-0.15252992607138627,0.09726432064793007,-0.3220854220992265,0.23914949243246794,0.09591084841549981,-0.5052896228065906,-1.778998121681277,-0.48084134709768467,-0.1917785600726409,-0.013072081567352888
61,2020-05-07,-0.725181272062253,-0.1364931253566234,0.8817193552595582,-1.1876795118839594,-0.7981219775943306,-0.4670048322061019,-0.6703178957485827,-0.39038520152639933,-0.5619098987125541,0.5710950840348731,-1.3881647324286917,-0.4683393561075107,-0.5932093892618936,1.1839259960039965,-0.41500245189091495,0.0785096197547549,0.4176154122656569,1.0915994048733135,0.043111245454107015,-0.6691919105422102,-1.7919517854443487,-0.44971582509086633,-0.10063851344635096,0.022765210773012426
62,2020-05-08,-0.5523384382466027,0.4948347399887342,1.2953883797079795,-1.1676426817660157,-0.8131381184343983,-0.17060423676208591,-0.4348470499533046,0.037560282902805144,-0.32230727741907433,1.1328984823230983,-1.405585963347644,-0.48852884139334435,-0.38345175161962,0.7861996055265936,-0.9786672169801945,-0.05816326817404963,1.0416271394276986,1.4943890041772363,0.5642203703339401,-0.7423234723069657,-1.7956019496231985,-0.35798902562052104,0.07405515497367034,0.09599200908121436
63,2020-05-11,0.795742265004852,1.4188121281737172,1.2953883797079795,-1.0416245649926479,-0.7534447841524567,0.60711343710416,1.3155774568191723,1.790098933422397,0.692032123739378,1.8943432040684944,-1.1635618547427393,-0.4723581162117999,1.5231214807884264,0.1823648732486018,0.03506563140690822,-0.12023708941181536,1.562287777547301,1.6876940639936937,2.3226767124394567,0.13531654462900256,-1.7979719744496037,-0.033816346512274234,0.6042097935884218,-0.03770287830584599
64,2020-05-12,0.5926999327560859,0.811190048132201,0.40979354303866034,-0.8515166338909725,-0.6726897626022865,-0.08203162876866889,-0.015358400099298881,1.050330442381973,0.6677860317172625,1.0655513928579652,-1.18813891005544,-0.47331496385567945,1.0385181285831784,-0.11030842632220071,0.03506563140690822,-0.13918291162460356,1.569615844211155,1.2160124645020105,0.9085656070386756,-0.2679091060776288,-1.7954370333570042,0.05522241757277967,0.6334191659688245,-0.004052690450623308
65,2020-05-13,0.3541654064725241,0.7500880165071659,0.18993559540199065,-0.6262761895376407,-0.5846460183505775,-0.49968464083680403,-0.42931637020739616,0.9724600749040316,0.5028377287147595,0.6178882890317711,-1.2413692221019719,-0.46164142260036145,0.6560067308535391,-0.12849332528728966,-0.2042306127980353,-0.1637554437528023,1.3054470062691848,0.6037333658877434,0.4861687833475335,-0.014107719553243232,-1.7956097340386281,0.09131462431023374,0.5678613607354827,-0.00305033281762298
66,2020-05-14,-0.14194697242613485,0.7017526749530462,0.1033812938260915,-0.39953652389920347,-0.4979697313954706,-0.7341099646578203,-0.554673975166991,0.9140572992955782,0.35201655697669587,0.2585597340037939,-1.296541722061327,-0.4384857096185049,0.33063285992869573,0.15586666789169584,-0.7634183070111352,-0.25737457549819354,0.7603617844391661,-0.09216429571889717,0.18084934013600126,0.3468931225932862,-1.795316808054104,0.09655737445676044,0.46360254522390903,-0.012295236857037466
67,2020-05-15,-0.47888931448015026,0.5033197219245108,-0.9435909151496633,-0.2454116351199731,-0.4237903467542924,-0.7491477237667439,-0.5714283428778867,0.6804461968617577,0.3465585897579685,-0.06320245957869278,-1.3616601393058396,-0.39839379334000047,0.060655156279597985,-0.08363572984742143,-0.7634183070111356,-0.3785791860894341,0.2964085420902695,-0.4355201410132671,-0.32878161018700747,0.6172870460328517,-1.7954464425252477,0.05828527301284648,0.30711101740171154,-0.0010314596066622707
68,2020-05-18,-0.4860759648804708,0.4862489685663101,-1.1925022989228398,-0.15016565433363752,-0.36160450650010234,-0.9315719614222759,-0.6500771594951679,0.6609786049922733,0.3267912270553056,-0.9951561379491748,-1.438931373838757,-0.35016867208853086,-0.16031737620276057,-0.12581671598315586,-0.9488551867082778,-0.5265740836353143,-0.48960201670427855,-1.16979263019821,-0.4894760539825507,0.7839474781889917,-1.7943117993718958,0.025509762915436555,0.19114948226768483,0.010267030639744195
69,2020-05-19,-0.5578646351248275,0.665220674136672,0.21850710397784795,-0.09143771661330705,-0.30375031100023653,-1.0022305601797445,-0.7997557783519362,0.8556545236871214,0.34541741330643766,-0.7427919831742967,-1.5133366117872538,-0.3105551796319645,-0.3510718173568786,-0.1898490899836143,-1.0990669812779115,-0.694471601491977,-0.8651051695205159,-1.19689465702202,-0.07167050011413818,0.5775997669152759,-1.793339300934039,0.02761153642986651,0.15695767964706578,0.0020408170348527664
70,2020-05-20,-0.39363540395504865,0.7021215528015109,0.8681560627216365,-0.03867620785110357,-0.25045710133650456,-0.8091529802162476,-0.6761965564692075,0.8945897074260938,0.39751242381006685,0.13475810546065947,-1.4973312996906203,-0.2763000339811191,0.02610458126780507,-0.4278605636005599,-0.3794959853094239,-0.7710803129400013,-0.6616417968631884,-0.40713564131334135,0.0063810868722685606,0.4086838129362795,-1.7926509024532513,0.028799156694234395,0.12806889023153023,-0.009216655104923952
71,2020-05-21,-0.5695915881246284,0.5178961440075076,-1.1925022989228398,0.004659050234741115,-0.20860458815872024,-0.7710544421378008,-0.6074917728610923,0.5208377284218783,0.27717921342781826,-0.10563723801743338,-1.5222918012058706,-0.2401311930425154,-0.2203314553163491,-0.6104557015694032,-0.37949598530942374,-0.7948593303878686,-0.3686129836219565,0.09768371887038228,-0.15431335692327472,0.44536521215049435,-1.7925035960344737,-0.0007324225363549146,0.05336405800491403,-0.02711323540856073
72,2020-05-22,-0.48470090180748526,-0.41117989469504906,-1.1925022989228398,-0.007463266713586562,-0.19235416548104364,-0.7845580988141135,-0.5656352297388868,-0.15652599427181635,-0.3253980615245753,-2.0506541079768694,-1.4919072008442154,-0.22721374985015758,-0.4802324357552877,0.5053976967100383,-1.085075059972759,-0.8757745279135406,-0.569991690575821,-0.4086855535122309,-0.6272141486644449,-0.018441856361539388,-1.794040824379572,-0.0940730290998276,-0.11356894931742714,0.0
73,2020-05-25,-0.7769147771100475,-0.6092064648912001,-1.1925022989228398,-0.06631467918939402,-0.1925648969212495,-0.8561549213806279,-0.4540196606700176,-0.3163235629631317,-0.5174820002063686,-1.0889286553448378,-1.5683055236641523,-0.2570673963391625,-0.6337493976051743,0.2690853490228298,-1.0850750599727585,-0.9792355154768091,-1.0398753401348473,-1.1405319858055278,-0.5353887522098488,-0.8484949487807376,-1.7952053420007472,-0.1506969528437369,-0.18544860452135695,0.036329890513484675
74,2020-05-26,-0.5117092161278233,0.46366468575347647,1.2953883797079795,-0.12842660683815452,-0.18089306872423308,-0.6742061395758675,-0.015306077417057543,0.39621935556728277,-0.048343117343982916,0.20360404189439993,-1.537110345740006,-0.25515370105140506,0.07954926816885259,-0.04189370277858949,-0.7910791571739053,-1.0499067446029469,-0.4093681981245257,0.07259400812931739,0.24971838747694833,-0.21541458888646564,-1.7928698252575266,-0.08682169147413375,-0.040570396773183505,0.0060975798681183165
75,2020-05-27,-0.15331070121797735,0.39171920593127185,1.2953883797079795,-0.1485090708249901,-0.15896943775292957,-0.5595808250456978,0.19001280424979056,0.5673975493389581,0.5362608124349926,1.011537221150793,-1.4156442838095156,-0.24080098639323125,0.889178464319547,-0.38739638612688315,0.24387012220160406,-0.9718880694095133,0.1927372130871213,0.8931697043281083,0.3599088632224637,-0.12490486063324252,-1.7934385998883993,-0.03231769243146688,0.05959285822265706,-0.011207453020389033
76,2020-05-28,-0.4596124868720704,-0.14412202831707294,0.4968444079708061,-0.11168868982743538,-0.13908405012892522,-0.7192112896493555,-0.3643972373178118,-0.1208650039596187,-0.2083141602537504,0.3710446575386052,-1.448550021562955,-0.23171093377638569,0.5316224082612071,-0.5811262253679126,0.24387012220160406,-0.8243760695790306,0.6161401751027313,0.99825161294844,0.11886719752914883,-0.19771412806198924,-1.7882039541555912,-0.032413992906872906,0.04802065037877847,-0.004106781952653359
77,2020-05-29,-0.5852621182394067,0.3334476979069087,0.20899379182734817,-0.03111923988935406,-0.12428050128563022,-0.8425191562538811,-0.3595819205425736,-0.25526783843021805,-0.20620301516055448,0.33926088248606234,-1.5168354463590774,-0.22386478309658336,0.2627463795136191,-0.7268077456287175,0.24387012220160376,-0.6534500877770328,0.15086684392634966,-0.12042530893416015,0.022450531251822878,-0.1246240249691528,-1.76838201856484,-0.046342477476084935,0.015531323352286453,0.020367302824433733
78,2020-06-01,-0.31935605342754836,1.4188121281737172,1.2953883797079795,0.069877288248422,-0.10122461747499405,-0.9662458781956712,0.21816620028612296,0.6831945627727462,0.6919619312894811,0.8722984297909803,-1.5630716192670104,-0.19783852718309072,0.32474502797482285,-0.8642530241711235,0.49706283353891406,-0.453659553289877,0.15999112838094245,-0.08931549503202349,0.3117005300838007,0.06923102788773959,-1.7351675564069096,-0.002314498702826468,0.08687944960421717,0.01600034134644112
79,2020-06-02,-0.32682809427697906,1.4188121281737172,1.2953883797079795,0.1808683186697944,-0.06495055684809373,-0.7040119138330443,0.6569554049312675,1.3391378935280964,1.7217052896949931,1.4489312678593873,-1.583276223750758,-0.17449144467245897,0.8301094731149361,-0.9973972203688906,1.0086019660115315,-0.19307967603303833,0.6011025669203152,0.7537240839345984,0.44025608512023534,0.12187854688918068,-1.7154997604200903,0.06385609373602143,0.18114712269009153,-0.010972678669475556
80,2020-06-03,-0.5210752117758944,0.8018236433662053,0.057882813403590916,0.3178500762492675,-0.030211175861659667,-0.9243713528114778,-0.02768023176705816,0.8881768536337958,1.3119578013596485,0.9701562572436844,-1.612028157713238,-0.1578422956689739,0.5777331813014279,-1.1100896584281739,1.0501100510365067,0.08230442572251404,0.9646591022373455,1.1002960042784806,0.12116283244051375,0.0028124814762070125,-1.7004169730169394,0.06658361185534144,0.1500067484864931,0.012954839873466732
81,2020-06-04,-0.3496074410332296,1.3808193609668327,0.8953675820668828,0.48304668935634654,0.008916162242295574,-0.7116436699657978,-0.10108917951289616,1.3849013817203288,1.2365835807401429,0.8781185749460705,-1.6266375379632336,-0.13219877881303427,0.415810602662202,-1.2150110136009191,1.1394089025505671,0.3536495765221515,1.2243269314495213,1.1442046217927093,0.33236124428608493,0.20660276435028416,-1.6757442946343464,0.09655085734824992,0.17084437386718201,-0.008950830520084557
82,2020-06-05,-0.4509988842261989,0.8540850411412313,-0.13923658124419067,0.624845714911802,0.041934256665711475,-0.708904638993377,-0.10556929754169321,1.0202235851884673,0.8272729972558833,0.4620148801143098,-1.6467172090799795,-0.10645957719270449,0.13072224067300323,-1.208690209769178,0.9495866262709863,0.5776383851603499,0.9235504916985262,0.43777574756539533,0.027041801074552688,0.3769430285387058,-1.6584388604688587,0.0814354603699012,0.11179684777944392,-0.015098424712585217
83,2020-06-08,-0.5301558169748554,0.011146368366312387,-1.1925022989228398,0.6899903675199212,0.0590701849439047,-0.6657056660484157,-0.13300714565407046,0.4124272576353621,0.306958286693003,-0.7006451640573098,-1.6627809459724336,-0.08406934232595144,-0.12466342452325527,-0.8066758216282223,0.025098228534901776,0.6464581324796345,0.05063544359645089,-0.8326997190560418,-0.3701030385915757,0.23512250250700195,-1.6512013817422138,0.02331064211937784,-0.0076767633916333565,-0.0010147134305464591
84,2020-06-09,-0.6692966332092193,-0.04487937618870993,-1.1925022989228398,0.690291995827899,0.06406690040435567,-0.6450344096271025,-0.46129354385547816,0.371907502465156,0.0921075551976455,-1.2787619566428785,-1.7092006031546492,-0.07823257169829413,-0.31787618759873504,-0.769585891056973,-0.24022279371941788,0.5981414630917432,-0.9701605172852238,-1.843945714494165,-0.3678074036802108,-0.10659605481410254,-1.6513303130180361,-0.019926416338359763,-0.07825122108809056,-0.01123033752955377
85,2020-06-10,-0.6413283691964197,-0.6685283779816865,-1.1925022989228398,0.6012059503374789,0.05379037153434779,-0.7875720577286499,-0.6893693489003323,-0.07380980440711807,-0.3669215968309976,-1.3356850526984798,-1.7295519950648797,-0.08177290798064271,-0.5112677207973804,-0.1615598494700989,-1.3447135476682983,0.35933498656674134,-1.6334813551543115,-2.0243155338583243,-0.49177168889391565,-0.26087095894990453,-1.6526789132957485,-0.07964165381260578,-0.1623863744336674,0.0071611559228280065
86,2020-06-11,-0.6104283669336699,-0.25006805455617537,-0.5770296653776361,0.47350053739110637,0.03848325419380645,-0.7657866609213293,-0.5229949192378621,0.06980451771513531,-0.19819342875814486,-0.6200470205262795,-1.720656607841691,-0.07746709358318982,-0.23864690764567978,-0.3887733120179473,-0.7113392399261828,0.12006156250280303,-1.2989461154391073,-0.8209042076411547,-0.2690951024915199,-0.09724513739379778,-1.6527723434446906,-0.09741313450361114,-0.15924872171825225,-0.01024599127403816
87,2020-06-12,-0.6760422256427331,-1.3549407416944634,-1.1925022989228398,0.3087783404862978,0.014234014670105774,-0.7736507029289521,-0.7460615412693294,-0.5173368542431662,-0.9360117396669615,-1.081820558873056,-1.7303246318970538,-0.07880668028461983,-0.4525907757943381,-0.02528897382811501,-1.4229810472554951,-0.18668805449391854,-1.1255099084931859,-0.42644850246192045,-0.35173795930065643,-0.15226736510195452,-1.6525394014354087,-0.13559339855890276,-0.191015752551834,0.012282651855841488
88,2020-06-15,-0.5096077046389209,-0.43638912479088565,1.2953883797079795,0.1819094058423078,-0.0071224205352519105,-0.7647233283150962,-0.5312785779595769,-0.35879874910423903,-0.114416601481522,0.533967207278418,-1.6793138827235952,-0.08464345091227798,0.33279110299506376,-0.31850325202771523,-0.24064594116266894,-0.35866140722525697,-0.594401230812653,0.14297521631051652,-0.0005058178618261573,-0.22421206950723707,-1.6501814265245922,-0.12420141580489741,-0.1331713280543061,0.015144156164297406
89,2020-06-16,-0.5033031701722138,0.6275969268932419,1.2953883797079795,0.14454795577398022,-0.01672444206344386,-1.0361220210386912,-0.12170033264176229,0.5123759870552118,0.3286936416916967,1.2432208730073593,-1.697250451802655,-0.09191549300575462,0.053148473096515686,-0.5122580609751212,-0.24064594116266894,-0.4478327187819033,0.21522336653249236,1.04043283223417,0.3025179904383411,-0.2317971923248868,-1.6498081670515903,-0.07513588978302195,-0.02362196248547913,0.020823756911260698
90,2020-06-17,0.18560342939352673,1.4188121281737172,1.2953883797079795,0.19980903744177841,-0.0062721734740164405,-0.48667637000890956,1.161740067656766,0.9895599866812828,1.1694458678732547,1.5994628283300767,-1.6066976206070147,-0.08454776614789036,1.1071573290000576,-0.7705050081652696,0.8350835182887011,-0.35631511745468736,0.996422899440228,1.6277944661680954,0.6560457667885363,0.05429777563488543,-1.6534197926087884,0.010968717155416934,0.1262257577269096,-0.012839682563040192
91,2020-06-18,-0.3317575656707007,0.5121955949436823,0.39325802749733796,0.3472865311593871,0.00705998353057424,-0.31435853625546095,0.5321034845693177,0.3773831450557294,0.9289924660865969,0.9638308379788316,-1.5804122736928468,-0.08904495007411935,0.6414502462247195,-0.9504828241735679,0.8350835182887011,-0.18008011986649827,1.1270469255724658,1.149952093091998,0.22905767327466425,-0.17848793460090148,-1.6513744708451952,0.02259362473861323,0.12101308428245416,0.0
92,2020-06-19,-0.5796580876023337,0.5121955949436823,0.39325802749733846,0.4967601935192722,0.02063434071171708,-0.054404226678265256,0.21134586525870433,0.3773831450557294,0.48881462764826655,0.4347434144042457,-1.6475017487863015,-0.08674851572881062,0.3761162695344839,-1.0530241670127585,0.8350835182887011,0.0249915086639673,0.63387458201197,0.03803548765674154,0.13264100699733827,-0.09838950376535202,-1.6370961234842252,0.024282191793749006,0.1001545688353523,0.007920833491444058
93,2020-06-22,-0.4940150082829909,0.9720683757628062,0.5108784381190842,0.6270230592486294,0.03768349331953892,0.3067946268705906,0.9086499970793328,0.7541073552868425,0.6066357433777775,0.4157092405413848,-1.650820327361083,-0.07306559442134929,0.36651547334265894,-1.1746014752799552,1.0384642761803597,0.25283337677446743,0.31819985219239405,-0.27485811751612904,0.1487104513768926,0.11092646104908545,-1.620395409594989,0.04179250009157843,0.11004083708299549,-0.021935076866255794
94,2020-06-23,-0.5255376806165266,-0.5858657541741433,-1.1925022989228398,0.6724896847096647,0.04153355426454437,0.3241020758181786,0.09920317767817041,-0.2818842228487205,0.1277581969772148,-0.7556364736888925,-1.6450830233043068,-0.06799430190879377,0.04042944681623535,-1.0105537132515254,0.518313863542082,0.4102714430154695,-0.5028654549245376,-1.1452295255909108,-0.3884681178824949,-0.0795030949391665,-1.6182763015619048,-0.014034701540840803,-0.005222657139323284,0.0030196298737198914
95,2020-06-24,-0.7133764853036039,-0.393832154484539,-0.9508567094611801,0.6424542233634647,0.03824398372065655,0.2722765918233962,0.01596788333576087,-0.1406126440120561,-0.12175489213018002,-1.3458801438783914,-1.703434431933206,-0.05938267311388881,-0.16506862315172843,-0.9343373987282748,0.20098435461846165,0.48024513113221273,-1.013191619130619,-1.4189597761786947,-0.30812089598472325,0.04977540298274886,-1.617199245891351,-0.04329081479185957,-0.05280652666246426,-0.00503779402995707
96,2020-06-29,-0.6726434848396935,-0.744483399604886,-1.1925022989228398,0.5529853336850112,0.027068320011358112,-0.05193032383146083,-0.5299169684791281,-0.37606527540649665,-0.3564178833725244,-1.1598505577640017,-1.737527308461332,-0.057468977826131404,-0.36859103988667774,-0.6322442360852348,-0.5178097491440546,0.41223944048501493,-1.4779117121010859,-1.5433599977378116,-0.3127121658074531,-0.061009164693140557,-1.613514924589471,-0.07710294053043783,-0.09852557949691826,0.018018505502678212
97,2020-06-30,-0.5468900751272262,0.43358015171560976,0.60103613308759,0.45934260653975933,0.02211108102761231,0.26567651741015935,-0.07992455397109556,0.4715641976135056,0.31497375065506383,0.20686416831926893,-1.7438211923923832,-0.042829208874793065,0.047425744033562846,-0.7962729570309132,0.16902787741802908,0.3631336978427325,-0.5573233374548334,0.22576848771519376,0.09361521350413489,0.19775160110572015,-1.607017748144718,-0.04921579994053259,-0.0314750859945128,0.009871748479154091
98,2020-07-01,-0.4038056817778849,1.0281791237821791,1.2953883797079795,0.4343958993506848,0.026616286713941898,0.7346752757276127,0.37930371428149445,0.9424694604023947,0.8957655282057575,1.324043461864909,-1.7446602160789417,-0.03211251526335377,0.657862984576498,-0.9450838203844586,0.8364995682292746,0.4090642347861674,0.3672675953420605,1.397654899715014,0.27497037150196235,0.17539341015997803,-1.6077698688717375,-0.007165146874165803,0.04595334534007437,0.007827828620246696
99,2020-07-02,-0.2660918177890719,1.4188121281737172,1.2953883797079795,0.4929674662702883,0.04068878028150519,1.0357521196068344,0.5318676552958583,1.319193670633508,1.077038645522831,1.2559601790909907,-1.7411353515699184,-0.025127527463042528,0.6535238684100573,-1.0793042356453815,1.0416681304149598,0.5247494387280581,1.2524487248096132,1.9257897580196128,0.4127084661838565,0.10787244868884499,-1.610951725246389,0.036122129393877433,0.10997303551211042,-0.002928259779088334
100,2020-07-03,-0.3205754489828374,1.1663197441478617,0.9301220115627589,0.6253588571753526,0.05703734884346711,0.4874885877457036,0.24978029015576536,1.1779220917968436,0.8682880433598182,0.7649023939205382,-1.750903710337503,-0.028954918038556505,0.3271290354808011,-1.1897289256704864,1.0416681304149593,0.6665800683677822,1.4206331394084508,1.4110707839703893,0.22446640345193444,-0.10795605624656274,-1.6122106759932624,0.048139591670602846,0.10867021368503627,0.033640846466618184
101,2020-07-06,0.2544603613879332,1.4188121281737172,1.2953883797079795,0.8059198358838748,0.09407084588618073,0.6245408204038546,0.7652207135415399,1.5160214883385246,1.8439352326470981,1.5085690375420895,-1.6580123943532126,-0.012592823328236837,1.4478672470720892,-1.3382526341401795,1.762424794238694,0.8980540435033804,1.5661856256700886,1.1817972285635647,0.7708275123567815,0.3192561903158709,-1.6256092781954872,0.14476133713995823,0.2497233427138918,0.01500966265056523
102,2020-07-07,0.4362021882985652,1.4188121281737172,1.2953883797079795,0.9876978186239003,0.14985462201495395,1.4509641940838902,2.6710664110521436,1.0691267379800944,2.0666445621453255,1.3972874050643207,-1.5165620062336347,0.012859323998930111,2.126684193383784,-1.4800843881727797,2.1210687033340974,1.2000980331255262,1.4144402891899366,0.8256850568694869,0.805262036027255,0.46150903869332993,-1.6403606086667508,0.23625449908335577,0.35395223879121707,0.011111225425070629
103,2020-07-08,0.09749561437732311,1.4188121281737172,1.2953883797079795,1.1549148097455328,0.21930808905979912,2.207179963105801,3.1790882167455887,1.429612835701243,1.6465269878789484,1.0617526111395916,-1.546068533318949,0.03869421038364582,1.5917212615570768,-1.5477758490368427,2.1210687033340982,1.5134904799655324,1.511601935518549,0.971637062242259,0.7731231472681465,0.49202185380387914,-1.6506753057676078,0.3096755679841621,0.4069827428931215,0.017344113457972564
104,2020-07-09,0.1084961189612072,1.4188121281737172,1.2953883797079795,1.3243691831419575,0.30234797105622213,2.37918343068218,3.5829775179986703,1.7071299109310227,1.4740267027478713,1.0836834441718919,-1.5319090038628402,0.08299625629521469,1.9457096360070856,-1.6167840941702412,2.2889933752297713,1.8275649527621025,1.5981552415879365,1.122335982783054,0.8580616389886478,0.8757738545768318,-1.6617155605354839,0.38811040750156023,0.4578279216561568,-0.017344113457972606
105,2020-07-10,0.04739661826534161,0.5919596708441479,-0.6605584428222873,1.4432915185580077,0.3747742976341442,1.3346574587287916,0.6671490163571319,1.1367178813028096,1.0401896486863162,0.7645709648191834,-1.5331696306727383,0.1155290761870805,1.4650677136272752,-1.6725289626474509,2.3033370511702604,2.1180975897834378,1.5630527059202384,0.9931115728148585,0.22905767327466425,0.6749419241420732,-1.6568650083239447,0.36209600126823016,0.32307847882715135,0.03171992257827924
106,2020-07-13,-0.07809734558429823,1.1977350963443687,0.029897556680789087,1.5207044440382904,0.45482418196313207,1.9820690295499266,2.119297725958912,1.790098933422397,1.0363439104041252,1.06928688061214,-1.4880212140798041,0.1600224916274263,1.3350774051587284,-1.7285356901169429,2.3814295376331645,2.3824239522746122,1.7580008323159173,1.2590295848490733,0.617019973295333,1.0404529858840688,-1.6607843494797008,0.4219311708426003,0.3594658166940675,-0.010762435721793006
107,2020-07-14,-0.04317593244772283,0.7314728010936319,-1.1925022989228398,1.5674071351824252,0.5244290857292467,1.1482383144917465,0.36817801701210795,1.3366107145996713,0.8750009266529487,0.9717552317074464,-1.4644907311802435,0.18777107329989856,1.0864073379955148,-1.772828264318125,2.427572348157877,2.6174282967407794,1.3984289573415651,0.6611798739084999,0.18314497504736618,0.7531238497706846,-1.651506272123261,0.4023523428381178,0.25519753811739204,-0.024647527943940116
108,2020-07-15,-0.23537342763030128,-0.20611792326203537,-1.1925022989228398,1.5661792078703738,0.5643157300115965,1.036727996777952,-0.24490383859188825,0.6921800878515867,0.5130711731110309,-0.3745369016552913,-1.4162937606527906,0.19887050596888747,0.5557922963811016,-0.9867603969061134,0.8400296375246302,2.624719332185958,0.6428003396417816,-0.38420098617466336,-0.409128832084779,0.4192384231391255,-1.6384584724133622,0.29457144313886896,0.02364493696722065,-0.040552468307199385
109,2020-07-16,-0.3723348986169146,-1.3549407416944634,-1.1925022989228398,1.497815176152331,0.5554884471063418,0.9596285034471709,-0.5290209660973552,-0.3341353547472154,-0.1123851461550262,-2.011025415532948,-1.3315792661899961,0.19236394199051515,0.06710899815424852,0.5672945425097267,-1.3983412894216996,2.2423103755052494,-0.6786894239633242,-1.8637123027862548,-1.1529145433670078,-0.02973815761016312,-1.6295200664511111,0.09441633195485394,-0.31674235395131334,0.007670219771309434
110,2020-07-17,-0.5186364206653163,-1.1673388892175607,-0.9557758907223045,1.359653271597451,0.5201576394970865,1.270171086996681,-0.6278663041547963,-0.27019752289629634,-0.34503614464681254,-1.139854136201174,-1.3980823412840186,0.19207688769735146,-0.18935143442394545,0.2640950409497758,-1.3983412894216996,1.6922919499179194,-1.4777509958026775,-2.167030802289859,-0.7879085924599882,0.06676781354033633,-1.6251403342452009,-0.013149610997838644,-0.43354595049819356,0.046650249404693374
111,2020-07-20,-0.3669124800838208,-0.16926698940444396,0.1606440293450207,1.2118227242514246,0.49808283886867855,1.6809244576258944,-0.3855999565431698,0.8973248236391635,0.2513106131363947,-0.005338837646635803,-1.3379905479862768,0.19303373534123017,0.8350000466648473,-0.12320590126089044,-0.08355057667778949,1.261970371599587,-0.7831252222059566,-0.2484191565038065,0.23594457800875898,0.1866336446463849,-1.6179362897569403,0.054955689333723266,-0.23194379847978058,-0.004568303970379971
112,2020-07-21,-0.5367457418906727,-0.30058495125382984,0.3605548514608852,1.0921728117051281,0.47990584214274773,1.28637607155241,-0.636930026313299,0.6992366551010011,0.4989898081530881,0.5653712841852073,-1.3738387825132352,0.1864314865984694,0.9881088653438764,-0.3686860354588569,0.2831594563117793,0.9725598562621429,0.10579891957741548,1.1070230226439737,0.23364894309739404,0.006836352224313393,-1.608172469209262,0.07566984634832213,-0.15025689844776957,-0.0064308903302904025
113,2020-07-22,-0.40946160158752337,-0.4892740296672703,0.6781061619056103,1.027268387593816,0.4587116271235353,1.1471559975164398,-0.6051584476460876,0.4756949455327022,0.28593040940785186,0.5243190223433242,-1.44867428817563,0.18040334644203432,0.6511807909220285,-0.5474557995176649,0.28315945631177897,0.7786680885955561,0.8128016539521417,1.4825728102837088,0.17166680049054164,-0.15130143048521077,-1.598893432265688,0.061355131131290486,-0.14373940146226608,0.040637645731826474
114,2020-07-23,0.876767207965866,0.29424616483727467,1.2953883797079795,1.0439431871018015,0.46080845023333017,1.5453171103526753,0.10317981508706742,1.2473999174542176,0.94177236738437,1.1603848091291322,-1.2232090175440569,0.1788723902118299,1.5490812974910655,-0.8854754414368307,1.1757027155563395,0.7581660663834899,1.0409120476697964,1.1464002764825239,0.9544783052659738,0.05929071910118075,-1.5851792223757604,0.16885772707248373,0.06607035956818366,-0.043406452299959424
115,2020-07-24,0.37497296467128594,-0.8565455349806859,-0.49017692672550145,1.0612804209592808,0.4465378649334877,0.7871232995445762,-0.19032306194301216,-0.25792588491735735,0.34056401484981064,0.45416120941364163,-1.1980918889943177,0.16767727277845254,0.9674909381884643,-1.064930652986286,1.1757027155563389,0.8278018344818588,0.5389409861385143,0.011686184170690452,-0.2162954995301271,-0.17600902120822887,-1.5638700905398222,0.09065648916342771,-0.07797689232963279,0.015589494997194617
116,2020-07-27,0.0706689121609643,-0.5630908081107324,-0.4994896568623458,1.0447460836499833,0.43087810789037834,0.7596669469723603,-0.06041585921515959,0.2617222033181025,-0.14309029786530073,-0.6053525970308401,-1.1654099357797554,0.1459568312624128,0.4709689642366375,-0.21442992126673668,-0.25015289763777937,0.7638871572393547,0.3078621228669871,-0.21378681716174386,-0.03953161135502952,-0.3185974603257881,-1.5364194363529453,0.08160332404514443,-0.0770784681451306,-0.00638979809877101
117,2020-07-28,-0.34382179829217735,-0.7210465346214598,-0.849584169107082,1.027207959832931,0.40913555428498877,0.7641357655581039,-0.33750726708280804,0.04774946110350024,0.21896603709991933,-0.05986612980127814,-1.2315782092897591,0.12615008503413047,0.33839564573581127,-0.4364437353587422,-0.09012257228028343,0.6565645184032242,-0.288483620709171,-0.7845809764210788,-0.17038280130282907,-0.2801715302196694,-1.5142873312178882,0.04903655796991768,-0.11585151443388157,0.007299302481611535
118,2020-07-29,-0.3236369101642014,-0.5063322760833758,-0.4555709472485129,0.96755970263009,0.38757980323264835,0.9580208677378597,-0.10969655379851077,0.29228973792018775,-0.04332298289613065,-0.5677230757065611,-1.2761206611812475,0.12222700969422974,0.026039407937808737,-0.08663790466512787,-0.7948396148193234,0.4499298498275853,-0.06619162721404628,-0.10786669381441365,-0.030349071709569908,0.005728020105014974,-1.4941155600144216,0.04475498948890678,-0.09936412868095032,0.016231194928582552
119,2020-07-30,0.4180150333143607,-0.15435831369676467,0.38929990456968255,0.949443816252651,0.3757026432723498,1.1819633814921422,0.47787913985796737,0.8425053607577327,0.9833982339793089,1.1023594258007643,-1.269793788111869,0.14672230937751543,0.7680109276342466,-0.36451173871502474,0.1390327769004925,0.32336096638295125,0.3574681061757893,0.6748224355083311,0.22905767327466425,0.5369995721621657,-1.4763189754735628,0.08513387655232171,-0.011165669069683543,0.027350624133711227
120,2020-07-31,0.28346640885204266,0.7733616574082118,1.2953883797079795,1.0012312988874847,0.38591941251917783,1.7342697389650834,0.3215642604815239,1.790098933422397,1.5049805328182084,1.4863369982262031,-1.2647322896563664,0.1794464987981573,0.7522224000744161,-0.6009596342638672,0.41730229509912947,0.2819035267718018,1.1859976433574173,1.6248680212473303,0.80755767093862,0.7282840795616603,-1.4598485279719422,0.1863202978300973,0.1615211440287078,0.024926086362776278
121,2020-08-03,0.2980472663429456,1.4188121281737172,1.2953883797079795,1.1102941732548703,0.42294454196271086,1.998329695040844,3.835132808485587,1.7184955304503848,1.970271018801523,1.4747170370661329,-1.264879174350221,0.19848776691133702,1.3177708590462331,-0.8002252160260874,0.9724470555760762,0.35494336935289134,1.8615817342249692,2.0937385245784808,1.0600775111887593,0.5173500895889926,-1.4671620819332427,0.3143354095923978,0.3447301706845884,-0.02841344822319198
122,2020-08-04,0.16186413294481464,0.2719710160482696,-0.4088291303383199,1.2528285269092996,0.45264062532762317,1.5704119999129025,0.5259459735998507,0.9308580977582812,1.1757741453536734,0.7488821577788807,-1.2859770993965889,0.2048029613609341,0.8635262440257165,-0.9610873991795963,0.9724470555760769,0.48043775651523785,1.7247751087244398,1.257907747597099,0.22676203836329933,0.29103684665308094,-1.4641243041624739,0.28320243112824983,0.22400348516930826,0.010425811205336708
123,2020-08-05,-0.4148321309480517,0.4325058541537978,-0.24918059438431198,1.363131669399771,0.4802987971987525,1.6014243177563994,1.5697131899897812,1.2133211770685552,0.9207323122239993,0.5249963004021536,-1.3112476063501963,0.21905999125472111,0.4786821796525844,-0.7523440192409142,0.44064462463015996,0.5576075613025342,1.3524022830248312,0.48144875360715755,0.24742275256558346,0.4504631377939743,-1.4647044916342975,0.2804451544181231,0.17507996394411784,-0.016558112507400323
124,2020-08-06,-0.21090768276567232,-0.6062705662466749,-1.1925022989228398,1.415390740748497,0.4917432960398315,1.1396345250403264,0.40711034378019234,0.6462664554115195,0.5941897448321541,-0.07151006209431869,-1.3188757615383113,0.20786487382134544,0.1301614116849924,-0.6922565627930279,0.08362431420120868,0.5602909079595625,0.60777406405881,-0.4024691142038379,-0.2622081977574252,-0.07974416626143582,-1.4643061076412431,0.210091128622375,0.022410415133825093,-0.012378584232639869
125,2020-08-07,-0.31533464255372284,-1.1958647991957663,-1.1925022989228398,1.3712615656456202,0.48239887291131833,0.7561399865425853,-0.206451643457595,0.22610019449047472,0.017130294034078956,-1.3218068508529057,-1.32917436914706,0.21484986162165753,-0.16785155058642987,0.05226540788279546,-1.1563437629661397,0.3735626150781997,0.06382242653967778,-0.7341269172199385,-0.5606407362348627,0.20411946945953127,-1.4596099171478627,0.11566281227654367,-0.14015870424318072,0.012378584232639971
126,2020-08-10,-0.3834910707184952,-0.7277483395770592,-0.6584684299644067,1.2959798112883314,0.4665483131686775,1.1125079450969977,-0.3419119103901856,0.6102402356316501,0.29934068854638574,-0.5736178661046559,-1.3122367544845188,0.21800745884645564,0.037723573778659175,-0.2418569979252598,-0.6021549046360688,0.1730110987755933,-0.2542460287454029,-0.6602189706983096,-0.24613875337787086,0.1743336740605364,-1.4598827374321537,0.0874898515499504,-0.15893617776564634,-0.027618681977639437
127,2020-08-11,-0.44360467713561647,-1.3549407416944634,-1.1925022989228398,1.1746452036888178,0.4283152110718235,0.6656791594360879,-0.6475154854764775,-0.24035556975237868,-0.14719724862662992,-0.976734193663486,-1.2986866627544862,0.2122663729831851,-0.26727675803661594,-0.26736313248034277,-0.9013581244172223,-0.05470337593161043,-0.7283049943975701,-0.9962422004000766,-0.6341010533985397,-0.020206393260697012,-1.460114469165445,-0.022595916937630755,-0.3115331307822626,0.008992866360563807
128,2020-08-12,-0.3298636108720603,-1.0606098829352937,-0.6296370135203717,0.9972408697760794,0.38251124135885534,0.5108856589219917,-0.3560884841532653,0.034030173919887274,-0.6464445219462758,-1.2962324017040898,-1.271062255537433,0.20843898240767197,-0.539360676679977,0.7706871863029036,-0.7847237261349139,-0.2634663351009231,-0.43486744997907695,-0.22944573867838663,-0.34025978474383195,-0.004837827538638899,-1.4540841187349944,-0.06510558839075078,-0.32011464709385234,0.004466287013441085
129,2020-08-13,-0.5535837783881745,-0.9106978861506074,0.2582307270376242,0.8486353955921143,0.33588459395987386,0.37932664868047533,-0.3926978360401178,0.17122304575602262,-0.08988310281625214,-0.0391896398635367,-1.3328843989289243,0.19944461455521487,-0.11886689522004862,0.45145128917256605,-1.4946398252919804,-0.5320783426966226,-0.2805335165824998,0.07437565276580262,-0.11987883325280115,-0.11106503796012823,-1.4274988117127672,-0.07859240966541377,-0.2782351281089969,0.015037877364540502
130,2020-08-14,-0.5413119890764359,-0.40709696220034053,1.2953883797079795,0.7261640398586786,0.29925008592515884,0.2480245179568648,0.0944512068432734,0.4949010955924218,0.13382490634797195,0.9361186676845771,-1.3781460301838615,0.18107313979275017,-0.1387519230571978,0.16226518976976445,-1.2386301874871577,-0.7780828155521284,0.7148834318317918,1.3541639045111464,0.22446640345193444,-0.22090845500254067,-1.4005830110468278,-0.04109295379241174,-0.15909855813897125,0.09538999144888612
131,2020-08-17,1.1078296933999974,1.4188121281737172,1.2953883797079795,0.744264603697806,0.3314528809392646,1.029903952053216,3.2841044061077405,1.790098933422397,2.1535465779061886,2.058536462359875,-1.0534921577777345,0.19370352869194518,2.2766720429241314,-0.3646947542736814,0.8791056801145753,-0.7342553199087178,1.4053247128164823,1.8881320426242139,2.072452507100682,0.4263835741162558,-1.4359778166272616,0.2911290708181128,0.431205936043662,0.09509249667753558
132,2020-08-18,1.6149425768825403,1.4188121281737172,1.2953883797079795,0.9347433917639809,0.46882850259400294,1.4135689475325437,5.209225818250672,1.790098933422397,3.0844959432829238,1.7169374896797482,-0.7518082252702655,0.2691031230295606,4.202732174267117,-0.7526144217698689,1.7108092388245777,-0.44472251868497964,1.9414320604045945,1.9684373644739193,3.6449624213856415,1.677009932760509,-1.5205713307057227,0.8169914407731619,1.2286741970161998,-0.08004270767353637
133,2020-08-19,4.97751662664405,-0.1692454978957412,-0.26823011671893765,1.1753939421790278,0.5998372941877388,0.06013192974916953,-0.28635492185660927,0.1195989238795382,1.6237524341664844,0.8994709394282788,-0.2503039048523755,0.2967560199376469,4.034708639191103,-1.1023601973572634,1.9929629073086672,-0.019062204270162322,1.4633049745462305,0.7460566310496638,1.0348255271637454,0.7459378918611823,-1.5190958832675936,0.8043701446325388,0.9622496221443966,0.05207914904488948
134,2020-08-20,3.7146120001588483,0.2853903664189181,0.06776015356420713,1.409662118118504,0.7516200632847961,0.9120996494721993,0.07515641311332258,0.730319357475852,0.9447784546369661,0.4283160219869993,0.12152696727413947,0.3594295406116805,2.538723801001629,0.43224035064296107,0.29968882138079395,0.23484224902040185,0.9868601139836952,0.018722735384291162,1.567412826600403,1.4445599726585618,-1.542400737313995,0.9432028879907823,1.0034814841844615,0.09531017980432493
135,2020-08-21,5.800816183154412,0.9595458901051056,0.47433181911474664,1.5793934697748,0.9732818028406439,2.1576685410060823,0.6431379845103142,1.790098933422397,1.3990310088248723,1.0839690379101763,0.3098934950606776,0.4790354960964796,3.2288686465332623,-0.07019626060090597,0.9295583065895963,0.45718924712158215,0.9868601139836952,0.4210858387874412,2.816238218382911,2.642033849998793,-1.5953583372095745,1.3481581661225004,1.4834276122793943,0.10121352987173177
136,2020-08-24,5.4335446197358666,1.4188121281737172,0.9074312857827758,1.6877652176782507,1.2993141643978456,3.1061407886959564,1.1771944597217177,1.4382783668964645,1.6521116716523654,1.6410879711572421,1.0060775668632795,0.6527033434604074,4.63212908371667,-0.6135502549684199,1.6693090114618305,0.7354825238402203,1.5523077147901219,1.45611228865754,3.8837084521675913,3.731683893523438,-1.6941101539198626,1.9591231554604591,2.2133838948103706,-0.02797820042622048
137,2020-08-25,3.7429175437933235,0.9537599208864971,0.17102363713210283,1.7826432050623928,1.6324454322114499,1.535345572159675,0.17610260808656983,0.9891382804758,1.3863241061254046,1.176551953072039,1.1769851461457435,0.8230222240707601,3.8458294280910668,-0.8933500256683152,1.7728969810896318,1.032232481906461,1.6421054580012304,1.3502473440384692,2.136730284618899,3.7270760917973367,-1.7235475063474635,2.1147324309266917,2.0325655823137785,-0.09796186391380125
138,2020-08-26,3.373077466332787,-0.3252377966281142,-1.1925022989228398,1.8495844835695263,1.8588281006437268,0.8250245476158445,-0.21322439680684876,0.21938388673491502,0.619015556081328,0.07381012033144797,1.3514759606960256,0.9330597031167739,2.679294878486224,1.200128949801542,-0.1737804585828331,1.0768162660342695,0.8838753967016794,-0.04455569522396778,-0.3678074036802108,2.4272759346076733,-1.700307393212639,1.706305648282418,0.9405957533755336,0.07435630213587668
139,2020-08-27,3.4033807431110334,0.13970236204157765,-0.4568590550955162,1.8748272536154316,2.053834742401231,1.3372698396833396,0.46133202787870853,0.7966996820405791,0.7610557324282643,0.3637434916231758,1.4029508597128602,1.0846243699071088,2.3478776946023774,0.6326762334399371,0.07002714849624324,1.0188318056017172,0.4285129328141585,-0.4345956382327404,0.6307937827635224,3.2608124441585447,-1.6943569014046007,1.6839900429958996,0.7155049893781367,0.07999304661028285
140,2020-08-28,3.8304026887387415,0.5815470675726961,0.19031000757753497,1.8641749284466842,2.2710167551174436,1.6209980005170466,0.468119277410156,1.4211308098725135,0.9580487976038333,0.9180085218340747,1.8175822067111744,1.2794385502007497,2.669105820968096,0.06257051093308431,0.6411464471027712,0.982886604142523,0.5427667776675157,0.24550523599006968,1.6753076674345537,4.089503078123327,-1.7173059858214328,1.9452974919853063,1.0117856548009538,0.059010756258979405
141,2020-08-31,3.48754498101226,0.8381224321835332,0.5906633408973232,1.8493405801376246,2.523469224723405,2.364665186870511,0.3325233234054663,1.1525072968315926,1.2019996038585115,1.5530051157539058,2.422032709096512,1.4575078967265171,3.196408019141829,-0.41657338363495394,1.209883088601795,1.0304662780216696,0.9046785585462518,0.923211448257862,2.3479286964644706,3.6187587847197444,-1.7568977491289455,2.2926220513515143,1.393278458514546,0.02112363145129321
142,2020-09-01,3.3098505095617363,0.9295675107734434,1.2953883797079795,1.8676279975335375,2.7814535291238975,2.698396627804078,0.20803972259958659,1.281475806400475,1.1501808257696655,1.1887480008581226,2.2216315073089397,1.5903183496968387,2.40457784365259,-0.6550313646674343,1.2098830886017955,1.1167766292057533,1.231050638711904,1.2039957440252642,2.3961370296031337,2.7128306960516904,-1.7715634503556028,2.5014564044590966,1.4658743194547474,0.05666935648822752
143,2020-09-02,3.4946019084811666,1.1910452115053642,1.2953883797079795,1.8970242529686225,3.0581760906798747,3.35536911909304,1.902869992755071,1.5269523311957443,1.0882679247984184,0.9085165290050368,2.6445661465765617,1.815177546008258,2.1055032546444146,-0.9325901006125105,1.4215601089437366,1.2416115641604226,1.3374361715196645,1.0708257039390212,2.986115201823914,4.441513358254027,-1.7943116368686785,2.8035706319767253,1.6806173057737064,-0.06218509027353006
144,2020-09-03,2.145120197570444,-0.21555974457156732,-1.0087498542525077,1.9139101756022747,3.2506922517382817,2.469846125459054,2.9777287196249196,1.0457148865631498,0.9554696584382529,0.7357863473658188,2.450011258792059,1.9610011269353234,1.4871538293994382,-1.0913614961557958,1.4215601089437366,1.3759112920629686,1.240000765735317,0.7446678483376202,0.5619247354225753,2.980711440500268,-1.7542298234850908,2.5410179741678744,0.9040370229913269,-0.025771734455996887
145,2020-09-04,1.2289130775815704,-0.7029335860419924,-1.1925022989228398,1.884653349181886,3.340763074965359,1.9075700781866893,0.9532682202779518,0.7969597342006267,0.5025714715921219,-0.3234491137267792,2.013229756861258,2.025396973368339,1.0613377544381364,-0.12179672799407885,0.06098915837450163,1.3381823497900056,0.7238320563812319,-0.020603493270057165,-0.49406732380528046,1.604501989682773,-1.6846007429221905,2.140361548544027,0.05082344948725049,0.01632459556458692
146,2020-09-07,1.2962392789852948,-0.5438424857359966,-0.9202839071968487,1.8296397329336032,3.3613957417345963,1.9911017247446068,0.7012181171115075,0.9232800709437463,0.6051277309802623,-0.09696371142176805,1.8022753094390886,2.0253012886039516,1.294811578173363,-0.3734238780891372,0.4607452725327496,1.2645058506915687,0.00340228048474387,-0.8248054272346907,-0.36092049894611605,0.7343493041358728,-1.6078094600036317,1.8791731264333025,-0.3975067879855769,-0.05922972690480943
147,2020-09-08,1.2258256718139238,-1.3549407416944634,-1.1925022989228398,1.7365888314573894,3.2777504812481078,1.527938254938496,-0.06808284084089061,0.47462508182162966,0.2157648160699165,-1.2562902331879193,1.4824527470041138,2.0090348786580194,0.8930416519795632,0.012647188163629272,-0.18406997821077054,1.0998808520693732,-0.8480909162609116,-1.559764647997272,-1.4811903356921892,0.43215705594962084,-1.493456512635577,1.3523855279588701,-1.2022526205567412,0.024577012335922375
148,2020-09-09,1.835731006148704,-1.109098991121305,-0.8420487066720668,1.6211499440884234,3.144240106489377,1.9294153081743834,-0.17176373978402226,0.437827701174896,0.18490660685196855,-0.6937118553241535,1.4825557880097902,2.0806070824201215,0.45857294436094215,0.025698311987305756,-0.521394826707928,0.8611623175974048,-1.1066589681596317,-1.2786439286223812,-0.7649522433463392,1.6731313522726914,-1.3675285965271828,1.0851901353248004,-1.4100565280103485,-0.019259422257598448
149,2020-09-10,1.2169526233052248,-1.3549407416944634,-1.1498848649173876,1.4993265320901745,2.9634868060806396,1.542516005266578,-0.5691980598537941,0.10246787428376307,-0.04172034442736721,-0.8164363241138611,1.3399713832336033,2.0872093311628825,0.1251080791244076,-0.16922241416763356,-0.6029662090514118,0.5941821881420432,-1.3362000128582951,-1.149379995638564,-0.7167439102076762,0.7115076290713392,-1.2217065920937462,0.7813099409845004,-1.6379128593579562,0.01346230457327236
150,2020-09-11,0.7582782824125676,-1.1948951285163247,-0.5425937625638716,1.3560028551403167,2.765507150741015,1.7880806052714502,-0.2967983837579481,0.23494403250966286,-0.21535871815701801,-1.070408265816359,1.2175116924961416,2.0406108509060057,-0.16393331144452883,-0.028643880653960604,-1.0634640550843042,0.27842867586347386,-0.8448557742348342,-0.21876091694230612,-0.22088676935285692,0.0808046412850601,-1.0594100534765467,0.6219250964899423,-1.577513726809019,0.08628436859701241
151,2020-09-14,2.0719824088393843,-0.24090352138136514,1.2953883797079795,1.2701580291402468,2.623812819940736,2.1318703038559694,0.34936370549383133,1.1277181422928997,0.701679704966606,1.2834357635632596,1.417465865442398,2.0078866614853648,0.9048546740251622,-0.34300266501749144,0.20286228012633914,0.11796973953421656,-0.00374751515388123,0.911764981534226,1.5651171916890383,0.33429063812542553,-0.9478525816150645,0.9182523679322785,-0.7638124944786462,0.1823215567939546
152,2020-09-15,1.5893093256351878,1.2459653119977345,1.2953883797079795,1.2812917996379518,2.66449008580129,2.2830175238609742,0.3846279810034121,1.790098933422397,2.256142138636586,1.8754329443846969,2.273979057870015,2.102040469642997,2.4916702019245593,-0.703292340515174,1.285526260683599,0.1818506272519022,1.112231045131579,1.9965133556470716,5.249611224429709,1.9822764944909703,-0.991490500210837,2.0792743885544303,1.3394288008975475,0.1212338648141164
153,2020-09-16,4.5783072775114455,1.4188121281737172,1.2953883797079795,1.3869995132293995,2.907593703465532,2.8209326242318635,2.967293560348285,1.4407408404170787,2.568759595332737,1.4283947422767047,3.5592295463428165,2.2576238965376243,3.837084172807442,-1.0256415272432744,1.892816965493594,0.42902279239400726,1.8103553507281642,2.201514761803612,6.5902620126668126,2.720549334600239,-1.0641915437066518,3.47917733184077,3.423229385448677,-0.06927412588340538
154,2020-09-17,3.1898308534177557,0.2722725299508559,0.26896701753546715,1.5534009529644062,3.1630543551763437,2.0446057921631655,0.23518545880131292,0.8370188801881286,1.5726862603973066,0.8686542166980434,3.303428398894509,2.405456857516833,3.0075147531002484,-1.1637618635767082,1.892816965493594,0.7495335958022775,1.6653797979319385,1.2229683995272693,3.1881310740240254,2.637139680353402,-1.0171803193060929,3.7025916001634145,3.114322458203518,0.005470242969565209
155,2020-09-18,4.308665192274871,0.3044369005303774,0.20992450282500758,1.70870439483773,3.3918956934027378,2.370591796455482,1.485137992384333,0.8023357567360332,1.2317381314011369,0.7655044934833829,3.5645527448023553,2.5784549115300477,2.9185615790529704,-1.3108482546061455,2.0413236870002556,1.099405347720572,1.2225099962488033,0.3364482275025683,1.9553751266210722,3.0092135532457878,-0.9894970004681223,3.706116420468965,2.4978861094115485,0.04592853108687687
156,2020-09-21,4.600334231265496,0.5775536178432813,-0.16487757199648695,1.7975551740079767,3.6099556114684157,2.7153097895008687,1.9751510452591747,1.165055349486436,0.9942734905292522,0.6757860232921992,3.454549878701124,2.7837944159063475,2.181773809470508,-1.4141745593698232,2.0413236870002547,1.4356962160690183,1.0018613089060004,0.2587109377858795,1.6730120325231888,3.3726687047696733,-1.0117243484649128,3.8476164635867045,2.2364704825363466,-0.06927919933429048
157,2020-09-22,3.081174926065618,-0.47685041300205583,-1.1925022989228398,1.807353172060944,3.721664563780457,1.979576926578679,0.3835657218138128,0.6242145281532473,0.5842726830140434,-0.17927114123113608,3.139959079074276,2.973345934158656,1.6262926612808986,-0.7325470010285585,1.0208943831362536,1.6131848110800282,0.47491693954106773,-0.23900434139893673,-0.7075613705622166,3.2480805342200307,-0.9559150417886596,3.302475465509612,0.8741041204444976,0.06727318060742483
158,2020-09-23,2.8933361213785402,-0.030539350668700786,-0.5263826598951017,1.7845988830181334,3.802565614280654,2.05474350021147,0.46781598766396393,1.148862510524364,0.6283151154015608,0.24814822376462056,2.9470316077883925,3.202223890574369,1.353526644028903,-0.9042743210437566,1.1212116461146497,1.7073946560846511,0.20945838042125578,-0.3155137043103229,0.4540298945884248,3.78615545026652,-0.8510076720344206,3.2669907874567508,0.6401938372949938,-0.03473280691889161
159,2020-09-24,2.3204796562555203,-0.5251341300025604,-1.1925022989228398,1.734631923960028,3.8085897278238785,2.430496480836132,-0.1662847289329984,0.8735842481691487,0.49980969845122936,-0.21748137233790263,2.6248462924294165,3.410242568353529,0.9317514781167161,-1.039462561974758,1.1212116461146493,1.7514247433305368,-0.42652331121847226,-0.9197644218774178,-0.13594827763235548,3.588494051207448,-0.7465634131545191,2.864892815821592,-0.16267221807102342,0.02464190393692893
160,2020-09-25,1.928690458799781,-0.3492490232819833,-0.6856880417058897,1.6669197148876882,3.772551966454486,2.31634262779143,0.43119218709066326,1.0678983157140065,0.4526895888067309,-0.11952089776757525,2.1950586183537126,3.6309873197962714,0.5987252596067127,-1.1462048083251366,1.1212116461146493,1.7662586205161777,-0.2140254717129931,-0.22630091197152588,0.281857276236057,3.730998469188487,-0.677583589030359,2.655853698879786,-0.4807170274196935,-0.10874690561934415
161,2020-09-28,1.995860992685809,-1.3549407416944634,-1.1925022989228398,1.5744488158833028,3.6108457591639502,1.5116683177726924,-0.21023627020885377,0.24530209644077278,0.06250325749834597,-1.5867331641520002,2.8582885090747565,3.6851448964397866,0.10131003048636074,0.45321663936579404,-1.262880101637867,1.47429325926037,-0.5890044960869939,-0.6010005437897047,-1.8714482706242226,1.4597257263276375,-0.6101960561715393,1.713055340725819,-1.9675231407590172,0.060544803801466436
162,2020-09-29,2.3542335630093723,-0.9442867379701745,-0.25033138924667464,1.4684396198757288,3.4195009523095172,1.332432710118451,-0.3256830917357632,0.6922244517939468,0.17749241026857138,-0.45218704918181013,2.8517737389947335,3.612233105976254,-0.2131115326730333,0.10337266046676269,-1.2628801016378668,1.0496315813512358,-0.19849446245675462,0.04360287006587927,-0.31959907054154785,0.2504769381253697,-0.5490443679002075,1.4413885895285499,-2.0297827226278162,-0.0017043037785329689
163,2020-09-30,1.3258420519339074,-0.9622635839860102,-0.28264936088691117,1.3538401526880997,3.2084721020293787,1.6117403747021664,-0.21943503916344725,0.6792701806242898,0.057640588157450115,-0.48716315253733977,2.494090912437152,3.398377657569436,-0.4344329710925271,-0.14288262767033297,-1.2628801016378668,0.5919339604891088,-0.13548775188561818,0.13000956767324973,-0.38617248297113005,-0.8297225862564961,-0.508041007251893,1.1985415871632499,-2.0311867707845446,0.03148213827035237
164,2020-10-09,1.2521075377183448,-0.736285538312566,0.5833750088788768,1.2461643687847455,3.010774853243905,2.409469620840509,-0.3209376501881723,0.808080723997656,0.14948258510826887,0.277292972181385,2.1450033993172375,3.298865502606083,-0.4153734242398869,-0.3535363642714052,-0.9735697843569441,0.19001994201970637,0.661359952882788,1.1144288174607644,0.4540298945884248,0.04562953523538853,-0.4298348583507175,1.2000644723519978,-1.6218835827946676,0.16460353206276804
165,2020-10-12,3.8316999180528786,0.28511198779195884,1.2953883797079795,1.23119145194185,2.954553001804073,2.440735995219976,0.49334033661024385,1.6120762699463362,2.0290953136299814,1.8920545552837609,3.464441186417108,3.3542669811866435,1.55182375343173,-0.7203848946512699,0.9760440699974178,0.08709265154627843,1.1998377109856961,1.5464013335593711,3.8079525000925494,1.6209921274300416,-0.3965590788755534,2.3293061452093764,0.599595899764612,-0.042605333929605166
166,2020-10-13,3.0422839912277824,-0.24888796924060247,0.5323082720126375,1.2686766921343577,2.9311006558431947,1.5170568858088072,-0.25300886710996234,1.046577050633356,1.8736834708128274,1.1037849832793987,3.0429700387906458,3.312165684855994,1.121286057520057,-0.8724945767443526,0.9760440699974187,0.14511183784413845,1.4733158746993245,1.3870059432613355,2.226260046162131,0.7137085149224466,-0.30951246565515295,2.5792994285749695,0.9000559085726095,-0.01659636101503018
167,2020-10-14,1.7207186551572933,-0.11036132362878687,-0.14521078975380092,1.3343204744914223,2.89958503256626,0.9489845074472897,-0.23497238294194778,0.845019913732713,1.0597662079752592,0.5558733708285633,2.546341949275722,3.332068115848664,0.7744899283487919,-0.46601758571075147,0.26373690577525144,0.19365870764364054,1.3045158354585857,0.7957280585538695,1.0371211620751104,1.2438920666224278,-0.13974864272176443,2.4894784961188106,0.5696959275072973,-0.06848829711127966
168,2020-10-15,1.3973712763154367,-1.1253501396721233,-1.1925022989228398,1.3867037264895217,2.799403853325154,0.5004976730524001,-0.5189855613753245,0.04774946110350024,0.34922517182151463,-0.0438148674716646,2.350451483660105,3.2071038135581458,0.4197132151645366,0.01842912646831264,-0.5461070124183484,0.13466549187312113,0.4759447128715266,-0.4707780319661293,-0.7879085924599882,-0.0676329947516805,0.0558371676298336,1.8341120031964104,-0.6444424899699274,-0.020519730231176453
169,2020-10-16,0.846100706979661,-1.3549407416944634,-1.1925022989228398,1.3528992827308188,2.6398783694257704,0.13322365376418194,-0.5046158073410449,-0.1806819607172281,-0.0374396444527749,-0.6346938728752817,2.0720526908781656,3.1050081699563217,0.1289921954888295,0.36091480767647427,-1.1505596689105058,-0.04808024844117906,-0.3343279635148336,-1.2457620938940779,-1.4008431137944175,0.061478354625636604,0.3080316971301058,1.2134250093986276,-1.5575079833391214,0.031215019347924294
170,2020-10-19,1.177983854708541,-0.969078328111758,-0.7179359280763525,1.2689207933817523,2.468278148249867,0.4735349778164233,-0.5082154055380137,0.16868374324388621,0.1779953289043567,-0.6461843840574089,1.811568905528304,3.007026971223176,-0.0028408373513211663,0.09290618323022368,-1.019586886375989,-0.263077502142591,-0.8814347736199778,-1.3621119431565016,-0.8820296238259492,0.12181183367594109,0.6085536070187352,0.9941418899297114,-1.6137907437183858,0.019122533911696132
171,2020-10-20,1.4985032736455786,-0.7277973264981131,-0.048170044373224495,1.1585698786548637,2.304612364997908,0.8122545239804834,-0.6215202238276211,0.3881570700912545,0.07539297704721606,-0.544901674399581,1.8591429682020744,3.052094495249848,-0.28385165502113197,0.3295758591817337,-1.4984817336717393,-0.5353704575728937,-0.5686187792406262,-0.32846636368584586,-0.06707923029140836,1.3779654545687832,0.8680050680587253,0.9477115897843889,-1.3685055488527818,-0.07087215570132842
172,2020-10-21,2.2442544617568143,-1.3549407416944634,-1.1925022989228398,1.0444081162502412,2.0984867671765737,0.4066349283220651,-0.6037682755503322,-0.40463433505127644,-0.008993241832618534,-0.5615954263610875,2.526614737079595,2.960237121437523,0.19021797225990375,-0.08440475876436468,-0.6378576536777455,-0.7097320316273069,-0.6827087914831107,-0.3980259819114169,-1.1827577972147516,0.08920051156750154,0.9165453177730375,0.38907785877107676,-2.0325381471970867,-0.060728361637058005
173,2020-10-22,1.1900999765025833,-1.3549407416944634,-1.1925022989228398,0.8742902042769478,1.8353540200873109,0.4093143893220366,-0.5903430394160235,-1.0406590781599747,-1.0609637277695712,-2.0506541079768557,2.4689443845674175,2.8170927139133184,-0.11550465635986391,0.9409852231998457,-1.1775385895122612,-0.8856983086802679,-0.8860382300153851,-0.7817612550111425,-1.8829264451810472,-0.43675400350508153,0.8626098436826051,-0.35875522585111574,-2.8815301150249537,-0.02862449457483758
174,2020-10-23,0.7957682095911347,-1.3549407416944634,-1.1925022989228398,0.6503270021195817,1.5331433367510476,0.13312979218755858,-0.5732214159232856,-1.327318117307557,-1.0885925554966116,-1.1739946868362128,2.0367684243980584,2.611753209537014,-0.32550135423064896,0.63092236918218,-1.177538589512261,-1.0481187177077564,-1.6574396440508636,-1.786006416963752,-2.0436208889765903,-0.9413862007184228,0.8073169965534615,-0.974528700243581,-3.338925682764872,-0.01049040407117602
175,2020-10-26,0.21886438900800642,-1.3549407416944634,-1.1925022989228398,0.3834498706106553,1.2167097448728408,0.19883716991224304,-0.5527715810472026,-1.3417742430708204,-1.289173385321837,-0.981442088905395,1.7371845743033947,2.189113605235932,-0.5219214443743386,1.0759472906664687,-0.5843466086354734,-1.1180412680871843,-1.5799259841392086,-1.2607909406914561,-1.8553788262446682,-2.2497838808416155,0.7437603175457486,-1.3711740576773093,-3.336810007906124,-0.01897765818573186
176,2020-10-27,0.20879788953030118,-1.3549407416944634,-1.1925022989228398,0.09411981340061887,0.8975512033099682,0.028621515092312963,-0.7102217168823471,-1.5203650639835073,-1.169377912365943,-0.8075447634951598,1.4765370769363806,1.8090537210874371,-0.6960248721888533,0.7387557827648776,-0.5843466086354739,-1.1350630701458118,-1.6682646179496032,-1.0986343774623863,-1.653362954044557,-2.086307636402187,0.6570888671037473,-1.6672226338013743,-3.1661622097214748,-0.0284379353205334
177,2020-10-28,0.7692528424101689,-1.3549407416944634,-1.1925022989228398,-0.14589649664467413,0.5784726915561201,-0.22648718325595588,-0.8484322417744494,-1.4423141147710312,-1.1925875796690386,-0.9770752306966025,1.4568428346643212,1.4245923377771,-0.8738120512695025,1.042977082718674,-0.09032796125349957,-1.0634694706465242,-1.4484226180340793,-0.7697407262561283,-1.460529621489905,-2.1687204704494527,0.5724916734974966,-1.9414737639699593,-2.9930345184289338,-0.0038535693159900777
178,2020-10-29,0.09251425381103598,-1.3549407416944634,-1.1925022989228398,-0.34445067553698483,0.2753533270662309,-0.40621343524789677,-0.8484322417744494,-1.4738498518265772,-1.0519551593220908,-1.0748410791818437,1.0550477626870565,1.1231853299554089,-0.9913736617042787,0.7540647392709614,-0.09032796125349925,-0.9525083070462016,-1.368232043165247,-0.7068665262351824,-0.9807419250146401,-1.706777594995571,0.4759936115608393,-2.048136229572661,-2.5730622652499844,-0.03536714383729125
179,2020-10-30,0.17078907062607906,-1.3549407416944634,-1.1925022989228398,-0.5048954404196524,-0.019190435824522744,-0.7198454177594663,-0.8484322417744494,-1.62416019901701,-0.9795153147359963,-1.0045414902537577,1.0399257975579845,0.819099148730856,-1.1283299785018988,0.7973440558340692,0.19311329084490472,-0.795959716553852,-1.3596531593242025,-0.820677377453417,-1.2975395427829968,-1.815548496665777,0.36382769693742567,-2.2240319390133796,-2.3533637356929966,0.01833095668472342
180,2020-11-02,-0.07923890738073903,-1.1538184172592993,0.6592923239613334,-0.6360901918727347,-0.2813615860680388,-0.4994740896637176,-0.7723510696354765,-1.4453632655062019,-0.890961939449119,-0.8744727490761167,0.7634749675845554,0.4934838955190436,-1.2270811836763535,0.516797734712086,0.19311329084490472,-0.6289317115649454,-1.2816694333727625,-0.743046084867673,-0.599666529728066,-1.9086361219574066,0.27597057917427265,-2.1356330557323306,-1.7337143561207486,0.06738791871781404
181,2020-11-03,0.39066943937234694,-0.2028326914355815,1.2953883797079795,-0.7183479696492304,-0.471128941231194,-0.7038094372191951,-0.6129319454473916,-0.7875601796762096,-0.555390238741198,0.7143170064474377,0.8528244795168072,0.2096828843447127,-0.6427554303687886,0.1921384447472598,-1.1475191369111453,-0.6336553048876183,-0.1978608787354609,0.8193991689060078,0.9682521147341633,-1.553661747593889,0.2682452087185371,-1.603924888358904,-0.49344384770451516,-0.03217810847450762
182,2020-11-04,0.8032661950268482,-0.5792409469306041,0.6706634021947767,-0.7624069111561519,-0.6222784872112278,-1.0538668892606846,-0.636953109863344,-1.1068752224119425,-0.5118243436717881,0.8557349932463005,0.8403824198974746,-0.0038855097689434177,-0.6991346943102477,-0.07572151218245927,-1.3487236444218584,-0.7501545289298853,0.5186200801906138,1.3867078061151858,0.26349219694513776,-1.2564449662966914,0.21943973082465726,-1.405304924802767,-0.060658893739539234,0.03492788105957843
183,2020-11-05,0.9452090265797487,-0.11957858227293605,1.2953883797079795,-0.7602414741182625,-0.7198767745910515,-0.805875543590816,-0.2893105242527319,-0.7597936542209273,-0.27751842798454457,1.1376537710631447,0.9605073594079659,-0.13095487687599272,-0.5545421798683442,-0.3344154337298616,-1.1875588233237366,-0.8945211701490469,1.263086534229743,1.7261692164436468,0.8902005277477566,-0.4703866739936837,0.1931466855785998,-1.022506554190476,0.5949021309071754,-0.006427937651398751
184,2020-11-06,0.6044009411696042,-0.20289506445121572,1.1520042636635743,-0.7236305935768261,-0.7806112897126767,-1.0760040522030059,-0.3519014987754386,-0.8245822136165836,-0.215106500967307,0.7933877281187387,0.7964501366044447,-0.22625690220628056,-0.72721898214549,-0.5201563174592948,-1.1875588233237366,-1.0413208494201622,0.8919789825576454,0.5628715825586359,0.5504465608657507,-0.2769842959386302,0.16080440312935768,-0.7888714361001119,0.8688268729129376,0.03663081938128905
185,2020-11-09,1.3408380228053343,1.1155402858379113,1.2953883797079795,-0.6440221400337194,-0.7918910595082629,-0.8218302170555069,0.18562468721118613,-0.44973411997028784,0.5022165346554046,1.475325232983816,0.854028113983179,-0.2667315575423371,-0.14687596042320716,-0.7126690429725611,-0.1463701767780902,-1.0504261055684128,1.1270148216728018,0.7522426171557335,0.9544783052659738,0.14810109827162507,0.23022339349526535,-0.3955799541434935,1.3561142339118881,-0.05288378917949551
186,2020-11-10,0.6590661844673489,0.22173724366131847,-0.8336505755334899,-0.5605056174729389,-0.8002896508464555,-1.0526117705755078,-0.2499343455044402,-0.4160414056288673,0.20777906316524,0.18940874689604686,1.0595416672999205,-0.31696605884594753,-0.4287289103888801,-0.13850038587436786,-1.2605502786868668,-1.1243877880443285,0.47631620411623476,-0.15037103042887737,-0.4550415303120771,-0.15978360025990412,0.2640630747819869,-0.46240347636305723,0.9731674158906681,-0.01890415463915261
187,2020-11-11,-0.029347467959019494,-0.1665923830464749,-1.1925022989228398,-0.5189213686306002,-0.8147437649306624,-0.9786071805944169,-0.46910618371938456,-0.546579659191865,-0.3732771138246245,-1.121910222973904,0.7204224949625099,-0.3581105075327191,-0.5922265443628149,-0.12887411465464801,-1.4992904880078046,-1.2545113870414217,-0.38197188750163447,-1.2413885791350459,-0.7351089894985955,-0.07426442966677389,0.30123445061089005,-0.5963174641045286,0.554129547806474,-0.01732478365730602
188,2020-11-12,0.10066085390381806,-0.5184110824048392,-1.1925022989228398,-0.5200485268661214,-0.8393322489482908,-1.2113977788968657,-0.41907535937255114,-0.9123206562967058,-0.6000689976427919,-1.240200294961886,0.6085783285063355,-0.42336751684522594,-0.7654030066134998,0.03911599345386127,-1.1143198715797134,-1.3557272268647031,-1.3368566917915716,-2.014065666316467,-1.033541527976033,-0.19486565093634986,0.29141746084345305,-0.7539435829181386,0.17907403052459808,0.02682153119456314
189,2020-11-13,0.4468654132607736,0.16744204111067618,-0.1787064807652006,-0.5914300199254139,-0.8515730951832864,-1.0462127699431605,-0.469042260495087,-0.3433902163558431,-0.639773091242583,-0.8744276783244541,0.5862403306735047,-0.42212361490818184,-0.9290972478501474,0.2726391331671564,-0.5980447274320506,-1.3709822690095985,-1.2209243871486202,-1.0787585233249264,-0.3127121658074531,0.37569500790962834,0.2957452127197954,-0.6671059770580906,0.2896136454216555,-0.04692517466535244
190,2020-11-16,0.17071123686723083,-0.8141492203081077,-1.1925022989228398,-0.6909072938382138,-0.8789328157495857,-1.222301919748407,-0.4354175843039083,-1.3288590141105527,-0.7124947189286167,-0.7579394164722187,0.5641738489489816,-0.4633637483593411,-0.8599045795133597,-0.005016066007523541,-1.0022188197141964,-1.390415394987376,-1.2005270368868486,-0.6950383367292372,-1.0955236705828852,-0.2221007466610872,0.3171839639181276,-0.8551977344323001,-0.08370662901700814,-0.05027715329101031
191,2020-11-17,0.7782296692639988,-1.3549407416944634,-1.1925022989228398,-0.8152639810100475,-0.9379977727639334,-1.546363766899572,-0.732718714569025,-1.3820709578846535,-1.633888215437612,-1.7988771134937842,0.7311483357326584,-0.6006713852558925,-1.0358908968408893,1.0364055590972487,0.17846471765543157,-1.2664330862662163,-1.0917302289741109,-0.5919959712083415,-1.609745890728624,-1.2061836444734153,0.369210314011698,-1.20666318203701,-0.6567537751221975,-0.06342802685354396
192,2020-11-18,1.3331843698519243,-1.3549407416944634,-1.1925022989228398,-0.965229515075739,-1.042196292861122,-1.5094732113976335,-0.7433405864861671,-1.4940417985743726,-2.0710649243712207,-1.4921059141941881,0.8227670905770337,-0.7464949661829586,-1.1824536842845803,1.6675482756589497,0.7714497347680895,-1.0070979846838917,-1.4938851635790682,-1.239748129776294,-2.367305411479042,-1.4486568158462692,0.29352087738805815,-1.6934378699366477,-1.3424473479737047,0.07636481788426347
193,2020-11-19,2.6548015950949786,-0.12477737184015468,0.8444827845168965,-1.102366571513005,-1.1267629898758804,-1.207286141024674,-0.42132292447746933,-0.5148842226661443,-1.1900601347387112,-0.5414797361392591,1.5254746131910388,-0.8633260635005076,-0.4447654258310495,0.9643528667297057,-0.7651639756179521,-0.8872348432044939,-0.9430516008641382,-0.30345480400909464,-0.44356335575525263,-1.1254891284741952,0.2681990620203934,-1.5260615512096638,-0.7923363160406627,-0.03133415617043538
194,2020-11-20,0.8889092743461909,-0.47298611921683364,0.3719754974832151,-1.2249558785470827,-1.207449903283396,-1.189339533865023,-0.46832196568759915,-0.8778736960659126,-1.0673704136574405,-0.4591465536654577,1.118345352424944,-1.007523003432981,-0.6114315150048599,0.6675486302005744,-0.765163975617952,-0.8483156112861319,-0.6719600415177889,0.033814221053454205,-0.8131605764850022,-1.3213365400732695,0.21509625407362892,-1.526425594714059,-0.6339723713381235,-0.013351333174864225
195,2020-11-23,0.2826361820909948,-0.6181916386992707,0.4771511202282217,-1.309635458651753,-1.2845633767189966,-1.1687226609489427,-0.6173718028050449,-1.0291193099824838,-1.0648295209502647,-0.7094407989213392,0.9227205310180273,-1.204442248543153,-0.7825370938107108,0.9940115017275934,-0.26679861278602574,-0.793105688610912,-0.2976454811460848,0.23958597709488735,-0.6157359741076205,-1.6999509816352225,0.1579116712373959,-1.532336354190227,-0.5165970884848861,0.004291852081540863
196,2020-11-24,0.16619687885403311,-0.5444250598510104,0.6396041950686768,-1.3420974011756122,-1.349276751542852,-1.2361801415971048,-0.4947754277953026,-0.9807207135291822,-0.8517272429758339,-0.35254853567020783,0.6319460032282794,-1.3400275596807203,-0.917667758966167,0.6895520899988489,-0.26679861278602557,-0.7340911214822112,-0.45372073355650777,-0.26271648561412053,-0.21859113444149203,-1.2652713822593629,0.10955778887498144,-1.4509962522142166,-0.27615646954333845,0.06376868527540831
197,2020-11-25,1.7549395644642347,0.5341327655668237,1.2953883797079795,-1.3326206426875182,-1.3647656919169437,-1.219083117679816,-0.11313045423983659,-0.23659229305965326,-0.3469954145993727,1.3240740491718075,0.9909741486106758,-1.4192545445938496,-0.03374524365503947,0.2555208651802295,-1.2168680503329925,-0.7937948824010336,0.14785689215403935,0.5327948418213235,1.1312421934410715,-0.5911264082190486,0.10001994535805471,-1.0056642373729734,0.527531168302919,0.18223784326161324
198,2020-11-26,3.917472720303635,1.4188121281737172,1.2953883797079795,-1.2136167786854788,-1.2338165763875215,-0.720776937780765,1.2568532178067504,1.790098933422397,0.9840735737500723,2.037899707788083,2.3062371121894847,-1.3249093669074414,1.6414974153426436,-0.2912839638897075,0.5457833270488941,-0.6942753767566928,1.0387488676181567,1.6593348545400748,4.535668766995224,1.2853929961619794,0.04017474726485402,0.3929500110284684,2.771546878342344,0.00041849759974663765
199,2020-11-27,6.610131607658374,1.4188121281737172,1.2953883797079795,-0.9792785160586375,-1.0154221709102662,0.04350134534473899,1.9237853440660546,0.9138296081626002,1.7836719271994994,1.413710231474496,2.418524788403031,-1.260130781416876,2.450954769497545,-0.557840803350493,1.1264744027392033,-0.45083989455663487,1.5191443675694953,1.738964561442894,3.55543265984241,1.0151085865082088,0.009499286020246056,1.2193871179862177,3.605771078097489,0.011233735777926893
200,2020-11-30,3.9408487925443887,1.4188121281737172,1.2953883797079795,-0.6835378989439067,-0.7453982661587977,0.6683893724070841,8.068137287026657,1.0238727327301107,1.2579268866289741,0.7646425535050738,2.206236920379384,-1.1364103810634,1.8639373696990986,-0.05353558709004996,0.41819199163982457,-0.24021104562242596,1.48803284010821,1.11505250945734,2.7496648059533286,1.620070065089938,-0.01945367607637449,1.7348556645747417,3.7508695780607733,-0.021326336165150995
201,2020-12-01,2.7335174698768285,1.1537947966837652,0.8465639747486786,-0.3764778532392751,-0.47278898984198103,0.36833625420730587,2.211789421799719,0.816013497435926,1.0065650302790186,0.5626129394639718,1.7720533680902948,-0.9700145757929473,1.439836295861539,-0.2626342342718197,0.4181919916398243,-0.06351446663481022,1.0566198566955534,0.28921467667134654,1.2529108437434113,1.9345854421582998,-0.038011269366472804,1.826179138113089,3.154584230392565,-0.023087814746063907
202,2020-12-02,2.373121221823211,0.8773150503814219,-0.24776028967533842,-0.1485860956447275,-0.2303687950235018,0.1553384903202041,0.6717653111203838,0.5959272483009077,0.6672671843343935,0.1809468868517163,1.6093341984223177,-0.731950881996007,0.9993048480478173,0.1564051022676557,-0.25305423797635823,-0.00039952720176321524,0.8364827257529606,0.15940789783139162,-0.06019232555731366,2.3882970298059463,-0.040701505353818425,1.6489239335657906,2.226470148731967,-0.023190713324264922
203,2020-12-03,1.5583314896135896,0.6110846720490749,-1.1925022989228398,-0.014777133518607023,-0.03709489066503449,0.08602549295712628,0.11719700005293354,0.3799166704461669,0.43058877596621903,-0.7262239589649219,1.2399821055673057,-0.5548383831141158,0.6776104147936883,0.09895420079893001,-0.4235788462089831,-0.021178707683242596,-0.10254899504048849,-0.9513007174220405,-1.0128808137737486,1.300873981831589,-0.04183739819318236,1.3198700746753214,1.2290285706808828,0.02707588980643389
204,2020-12-04,2.0428206938575784,0.8640362441958901,-0.521648081572872,0.07565036344928419,0.13063261724179248,0.40751972758425364,0.013534694221518878,0.6326082898234107,0.4572374649516345,-0.5686267285997337,1.2046576056952103,-0.3415570432936259,0.7126050106895837,-0.1721864811334756,-0.11590020640690353,-0.04554949731133884,-0.4575579191171209,-0.9864389247289784,-0.29893835633926363,1.9257134564289051,-0.046727982201697875,1.228366947053625,0.8300487608474494,-0.03999654182027264
205,2020-12-07,0.9103654472020215,0.4035532621526426,-1.1925022989228398,0.12424443734969497,0.24480636848928666,0.3348427862199204,-0.47997354954621485,0.2617222033181017,0.27059115282467777,-1.0248054042397499,0.9498094990516726,-0.14990046022478482,0.40748956022465865,-0.3710006198499681,-0.11590020640690353,-0.06976328837113008,-1.2097624911626368,-1.5507060532862162,-0.9394204966100718,1.6361466381649987,-0.046230792765070805,0.8655954264906074,0.05526165410201219,0.01909895939837884
206,2020-12-08,1.893924713180902,0.4272686542130464,-0.5993626951083764,0.15838684429211097,0.3296578054063207,0.4766112589237964,-0.574488042076521,0.4369760683700607,0.29699323113030685,-0.3221850585494857,1.1949119437703093,0.06510320535469062,0.5672571496827742,-0.6180606803910744,0.31752187203427773,-0.03907319220957143,-0.7861405835084386,-0.4590374248990906,-0.2759820072256146,1.7961099555204794,-0.04364209119009897,0.7216656780575764,-0.1970168268207033,-0.049604397899484454
207,2020-12-09,1.3365571660686812,-0.21329781107101142,-1.1925022989228398,0.16029232508286873,0.358322838297485,0.1680158485604527,-0.536861193319754,-0.1546446695194022,-0.029084150231096572,-1.6015622423662634,1.1392288920498164,0.1631800888522227,0.2277857136462032,-0.40839689657764205,-0.2189536056232149,-0.04828867255593016,-1.3143188750140027,-1.0997524171481838,-1.054202242178317,0.6296081793362559,-0.03681121622525347,0.2974643908657843,-0.8695639191159986,-0.006493529310548343
208,2020-12-10,0.36716364420017955,-0.291587163330339,-1.1925022989228398,0.11008309210692137,0.34548144571268147,0.20447219271907044,-0.46031219935612655,-0.21624288318724225,-0.3043715160535595,-1.392983818153913,0.8009566085954535,0.08098687624307221,-0.00495845755802929,-0.26900187046625024,-0.6119646326571444,-0.12503168759861888,-1.2010965372915539,-0.8886448615840424,-0.9302379569646123,-1.0415986276123623,-0.025085972348890703,-0.014668237850997972,-1.2193789789360778,0.012485711333322887
209,2020-12-11,0.9867981983909896,-0.15637479241015442,-0.6800774288969326,0.04319790441471588,0.31426991275955996,0.20726494339132556,-0.09436293702708938,-0.15896996781569003,-0.30426426288522995,-0.5894117715424522,0.7401429547447995,0.0005159893928987993,0.22140258725901366,-0.48061903164374337,-0.1312159534612232,-0.1713451086576611,-1.448985466727212,-1.0794442996543292,-0.5124324030961998,-0.9439223192668574,-0.019518620633158776,-0.13310204333664602,-1.1739081458320957,-0.03698057707391348
210,2020-12-14,0.6918082523561736,-1.3549407416944634,-1.1925022989228398,-0.07484928162690344,0.250269767970294,0.1998621997103233,-0.4915158423812413,-0.5239233722978635,-0.9572800156310435,-1.226036383602621,0.7586293669963817,-0.11736764033292071,-0.07876364801572917,0.11332761577406228,-1.1217790184773524,-0.31913188433586387,-1.3303633271018527,-0.8476786675216235,-0.960081210812356,-1.3272307755804962,-0.004896608814225044,-0.41945338967364937,-1.4195539369056294,-0.012959144642505117
211,2020-12-15,0.5932707136543063,-1.3549407416944634,-1.1925022989228398,-0.20517851119531405,0.16175569289145963,-0.07602251365746111,-0.4753039459899474,-0.9515392068441026,-1.2447561197503991,-0.9740229627826922,0.6727124937994874,-0.24548953984823377,-0.3211021844650012,-0.13974005979919663,-1.1217790184773524,-0.5066265531317444,-1.365904230378346,-0.8456243768711349,-0.9738550202805454,-1.2620291176940062,0.034322686362083944,-0.6523470979249996,-1.5262868914682177,-0.016070470032608808
212,2020-12-16,1.0552919061774377,-1.3549407416944634,-1.1925022989228398,-0.3449704757151565,0.05389930905707069,-0.10382855442944855,-0.7310856671880117,-1.2929368929861176,-1.3720482353736227,-1.351410629709601,0.6753124140323352,-0.34720244439250886,-0.548863648462899,0.5305587179155138,-0.9686644334232304,-0.6804054039198464,-1.3009605093429633,-0.7848332273680672,-0.9210554173191526,-1.2069239823418865,0.12004719114139535,-0.859120242001031,-1.5678029979424017,0.011227845556820906
213,2020-12-17,0.3081915995794991,-1.145839526432106,-0.2907793748124188,-0.49692863366819595,-0.05309393205611338,0.049941979730546045,-0.586057393842643,-0.9976602222878362,-1.1441826320294493,-0.929086799367288,0.41303909234844177,-0.41513862710787064,-0.7060620059542018,0.27548412892968754,-0.9686644334232304,-0.8330003597416855,-1.0348696970908977,-0.4046656246271568,-0.4894760539825507,-0.9309741195911795,0.15365645205268982,-0.8877071909299119,-1.3017469181089438,0.02634882969675146
214,2020-12-18,1.1840289433124207,-0.5441734164896423,1.2953883797079795,-0.605887342896624,-0.13793875827252494,0.2837925177991854,-0.3004287789642415,-0.5603939307337172,-0.6851537610186914,0.09314629461479348,0.7780838687824952,-0.4845100812890568,0.09969387551343134,-0.09120008038568059,-0.7164572168550668,-0.9315788512795913,-0.26060187157941433,0.5980694121867489,0.17625807031327145,-0.9369020405846968,0.22621158906016858,-0.7197368395268502,-0.7587782767661854,-0.02732017508638347
215,2020-12-21,0.886470483235613,-1.0011656616999607,0.0529913383491849,-0.6914851091523831,-0.21994809573785204,0.037742841702151475,-0.5903387944920724,-0.9387863131775199,-0.7968568043610265,-0.19098196524752803,0.5204327568981096,-0.4907295909742637,-0.12879452877635672,-0.2895511655259311,-0.7164572168550669,-0.994550698465457,-0.051141826485053055,0.46856062831206924,-0.23695621373241121,-0.8329280910265826,0.3058582467539292,-0.746971655071541,-0.6522561933085606,-0.07201701477924857
216,2020-12-22,1.2605135836739543,-1.3549407416944634,-1.1925022989228398,-0.7779123161959492,-0.33455182372308356,-0.040442403343697045,-0.6091860794210952,-1.590267707483727,-1.387628685389542,-1.6640367156064553,0.6458024605928796,-0.5836394971948577,-0.40510927725397244,0.845246313514396,-0.9052427533290962,-1.0572339500842258,-0.4330930132385382,-0.509580966356912,-1.5041466848058382,-1.5517786893659213,0.33060686696044495,-1.1264310092008687,-1.1586100174050789,0.029837604407869086
217,2020-12-23,0.9575845942366182,-0.7979815396572634,0.049096632742585015,-0.8626205348724452,-0.44514121968564474,0.2159752973231493,-0.3791720274139973,-1.1868494663879334,-1.1808059923412932,-0.9884671114935821,0.35166637847256726,-0.6060297320616125,-0.5715693505574535,0.5672351904470821,-0.9052427533290965,-1.1146529589345764,-0.9827075789371523,-1.2477150690084524,-0.6754224818031079,-0.9287281142660364,0.32336635714411555,-1.1518200008644015,-0.9690214702239983,0.062382117688899
218,2020-12-24,2.3944476717476277,0.5530808818309404,1.2953883797079795,-0.9238895737498845,-0.510231335558031,0.6597206214973943,0.2907520492323122,-0.30350262812645734,-0.3669786303305036,0.5057613794308216,0.7247896142235383,-0.590146061173231,0.6571253332990873,0.1466248311044659,-0.48600913512464405,-1.1135817125249168,-0.6156375308187084,-0.3135144112478719,0.6399763224089821,-0.3470037913152007,0.3201678866141807,-0.7731944632802904,-0.13879632630390737,-0.04380262265839289
219,2020-12-25,0.8120354651904161,-0.19148982587583951,0.4145271264302994,-0.9698430750657556,-0.5674704731564302,0.24229845787808965,-0.1728190212776283,-0.9294964505164787,-0.5892428418764443,0.019372686844070716,0.5994837735403876,-0.6265062716406081,0.33165860307979417,-0.1070639993664859,-0.4860091351246442,-1.0827559478323672,-0.09593327978294314,0.5301449223071234,-0.28057327704834445,-0.8253856688077637,0.3012989351070737,-0.7611038831955255,-0.09022247225475659,-0.0775582343458745
220,2020-12-28,0.7209959119242623,-1.203020258260792,-0.6103032074705592,-1.0105456891908768,-0.6569226072052553,0.25651203001858364,-0.47610888365829807,-1.6168165526297302,-1.4508172296806578,-1.0179513091178474,0.7174354408232168,-0.6750184471852415,-0.013713045683817633,1.0822287949939409,-1.18402419624419,-1.1243746651893791,-0.3871141871142352,-0.2732170969106308,-1.5271030339194873,-1.1539206162626408,0.24116218819477078,-1.1353377081703393,-0.7002066103766101,0.03901390930599271
221,2020-12-29,0.9126745153811858,-0.2143654575786337,0.2131472107333008,-1.0355814868722302,-0.7382721161568032,0.502251439658781,-0.17854481005662487,-0.9806616908505809,-0.958214472384802,-0.39599322131452286,0.8537576092320462,-0.6776019358237139,-0.1487169550220115,0.6342015862442436,-1.3844273977626056,-1.2239925671219622,-0.9310982266779309,-1.1720767766365168,-0.4366764510211579,-0.7307004009570816,0.21928451350957023,-1.1133740207121698,-0.5227685247677935,-0.021427524803916815
222,2020-12-30,0.11352936870005982,-0.6131631971179082,-0.507925775672656,-1.100456894403612,-0.8193657336671594,0.3205248543536472,-0.012979190681802042,-1.3291315853143602,-1.0558209727292298,-0.691760390887639,0.732030753754991,-0.6970259429944441,-0.38545816644672254,0.3670805924145581,-1.3356751165252947,-1.3391254509411792,-1.3270610533294263,-1.404205273726594,-0.8751427190918546,-0.7753470049125987,0.18078298377539354,-1.167748999900036,-0.5090310962345369,0.02761311153662754
223,2020-12-31,0.4707603772271822,0.1709426382237454,0.3053069456560107,-1.1706561169800656,-0.8783186650555533,0.23531050494948705,-0.0690095034244523,-0.7387968721147434,-0.7728884343987489,-0.41820744921453007,0.6178649355403207,-0.7207557645626306,-0.5919956462120898,0.08301167462789716,-1.3356751165252942,-1.452775539084661,-0.8101799622818953,-0.2454570810244033,-0.20252169006193768,-0.6380329717446265,0.16156698735259392,-1.0085306516942505,-0.1393048665145991,0.015298615561862721
224,2021-01-04,0.5483865793851567,0.5924670879450001,1.2953883797079795,-1.188409707896939,-0.9092508039124018,0.011747869424586289,-0.2814791726256113,-0.4401083911457893,-0.488476095889179,0.18198902297606598,0.34190460880528883,-0.765440549531749,-0.7440495714478725,-0.1261212829157518,-1.3356751165252942,-1.556391540606361,-0.2201665039858859,0.5740156850317243,0.3966390218043022,-0.7308842666748671,0.17949932020353332,-0.7901826969601677,0.25578603368178054,-0.017871295138802912
225,2021-01-05,0.6362090039522501,0.17105108885057257,0.6464546682549269,-1.1696614181769303,-0.9285415892933241,-0.5861697462013128,-0.2591528938283093,-0.7885782856095701,-0.17382964646440924,1.3415683159729965,0.3770974383709232,-0.7984517932455529,-0.167439471056374,-0.37157364561866213,-0.6538440685236258,-1.5632940078700368,0.0827493760332048,0.5543357450928721,0.11886719752914883,-0.6515521060181265,0.1722013630060968,-0.7236440168850816,0.3168906039829208,-0.007238914754643935
226,2021-01-06,0.5880558518114745,-0.0011619067010498589,-0.12111394931259879,-1.1531551858786149,-0.9409427948424065,-0.962930479137974,-0.24106911054333155,-0.7880116678949944,-0.8301564424372816,-0.988187717268172,0.472389037355538,-0.7723298525676761,-0.4354928233293676,0.5646724182961027,-1.0932922062493968,-1.573871275748168,0.08513965237559647,0.18148206497608133,-0.17956534094828866,-0.08701868748486948,0.1879005664165314,-0.6942916804295338,0.30331870041775816,-0.0900825599181603
227,2021-01-07,0.7532969218462804,-1.3549407416944634,-1.1925022989228398,-1.181916468440472,-0.9934674843241599,-0.8790981165216458,-0.5836893478832499,-1.6866802408866755,-1.612858310224827,-1.8858894619198676,0.645132236083133,-0.8432322629790624,-0.6835099418334164,0.943101579394247,-0.4511664387355821,-1.507165602728244,-0.8769654528919614,-1.3665924661753448,-1.8324224771310194,-1.1041194657691304,0.10528221236462224,-1.1048322648699431,-0.4463519445411449,0.0
228,2021-01-08,0.15465153795821138,-1.3549407416944634,-1.1925022989228398,-1.2620407128049862,-1.0649248539755023,-0.7000974438186734,-0.5026626557412504,-1.1040966335675702,-1.9413422808175271,-1.297161002362415,0.6910129589835617,-0.9756599768918301,-0.8793783557029502,1.3910989907362539,0.13035788013348223,-1.3355699642101435,-1.0828961923380398,-1.2658692285240098,-1.58449390670361,-1.5869065756477305,0.038244549997582436,-1.308741483560565,-0.6990449933302753,-0.03997056833003747
229,2021-01-11,0.014784273307930553,-1.3549407416944634,-1.1925022989228398,-1.3955090624296786,-1.1610142069800018,-0.6085343818698813,-0.6756164537880092,-1.6071180293416438,-1.785374604404409,-0.995261523918896,0.543089865140611,-1.098327844837039,-1.0234643954504057,0.9949509896526536,0.13035788013348223,-1.1244668443985328,-1.6040724175787378,-1.5424149258409479,-1.9517954925219942,-1.5581098523193366,-0.04263354158121093,-1.5677005293749493,-0.9936572390612346,0.030843294470358804
230,2021-01-12,0.25669159580824935,-0.6754123432392354,0.05171597041650908,-1.5163081719068006,-1.2481142861797634,-0.7410253680678045,-0.6993630213480677,-1.2207392760659066,-1.1957891788926436,-0.6034924799739844,0.4709083081070723,-1.125406633158797,-0.9825656818061771,0.6264834988134454,-0.20133905523717646,-0.9508835582937468,-1.3043228462727663,-0.7937132647062193,-0.8292300208645564,-0.696063954974994,-0.09552798079820281,-1.5145516047577097,-0.7051525030326098,-0.061448743546436535
231,2021-01-13,0.2822989024693191,-1.3549407416944634,-0.8306453038305031,-1.6061863243447698,-1.3517890434539546,-0.703858381733219,-0.6908634905955012,-1.661221668833808,-1.3119356355465588,-1.0797741391857583,0.4005748121054723,-1.2141064097463259,-1.1207281411642673,0.9404306926160383,0.27230933644184513,-0.7528611647631986,-1.5695226752365345,-1.091626142961621,-1.5569462877672309,-1.4980993402447371,-0.19104152306689814,-1.7049180596771119,-0.8833399693316227,-0.0036630077587370352
232,2021-01-14,-0.06374998936993999,-1.3549407416944634,-0.6217057160617653,-1.6688704079608305,-1.4579460555928792,-0.9705624942482551,-0.6723757279583411,-1.3593985095267895,-1.2580202511800709,-1.2800825888551497,0.26038634613905953,-1.2920894927224145,-1.2331101425997153,1.1667455104451472,0.6193608451172719,-0.5162189450667671,-1.3339543433779526,-0.7586575517657782,-1.0243589883305735,-1.3620777925669985,-0.27586240870159795,-1.7658036880916708,-0.8084230790983632,0.0860935246994008
233,2021-01-15,0.880555117563147,0.8246093312797518,1.2953883797079795,-1.681374025200606,-1.5117715226494153,-0.6955185893784525,-0.32753126388135123,-0.2759856183043943,-0.6149427951595594,0.42239639453759176,0.7608637582714061,-1.331990039472142,-0.0986617474922491,0.5898727040887932,-1.4782428421319038,-0.5349512623042719,-0.5162495211948116,0.46018456927155077,0.903974337215946,-0.8968375330178459,-0.2921943136119485,-1.3268902565133263,0.09093768094505543,0.06989033620951847
234,2021-01-18,0.5819069848624638,1.4188121281737172,1.2953883797079795,-1.626109267241221,-1.4868005520884802,-0.46768447352408415,-0.0684237514657338,0.6624823646982673,0.12694684493770267,1.7265681338816752,0.888500263190598,-1.3382095491573522,0.3861098250671472,0.2037687239607712,-0.7621356412480765,-0.5951325976768725,0.8027410263590907,1.9621119050164673,2.267581474566699,-0.4372809564415558,-0.27110552418572875,-0.654471618231565,1.2026051638781707,0.004698520781554114
235,2021-01-19,1.1548931729168976,1.4188121281737172,1.2953883797079795,-1.4719503949623336,-1.406977590665298,-0.45336729980992335,0.8075368429263221,0.5673975493389604,0.765549791246414,1.429127600935143,1.103903720498882,-1.3164891076413126,1.4631825966312326,-0.14784141324945876,0.31399731365957334,-0.5403357482435809,1.4206060677238357,1.9730005073809656,1.840593381052827,-0.23983378158185972,-0.25845243089969266,-0.19900199027593818,1.727566894970898,0.011393183829443224
236,2021-01-20,0.010295859881015586,1.4188121281737172,1.2953883797079795,-1.2479046571567078,-1.2866715480472757,-0.21669869151188315,0.7481128484981342,0.7168388296158266,0.5621188595154711,0.7828013010950691,0.9279515593102042,-1.2907499060209844,1.0315829022715852,-0.19548108160497413,0.1197398260134035,-0.4550355854451759,1.2542204861220183,0.9111264434997066,1.668420762700459,-0.07344324328555063,-0.25843922846895834,0.14091381380119897,1.9534602278432442,0.027426808020139103
237,2021-01-21,0.6612714743013822,1.4188121281737172,1.2953883797079795,-0.9855221713337249,-1.1277929791432175,0.11402270240868553,3.884575780311662,1.0836492448408568,0.8240666279825453,0.8515108383293273,1.097700006270257,-1.1687518314264906,1.3437866684456197,-0.47488619221558237,0.5980062172941195,-0.30282076971582117,1.0088412694281617,0.3588170240596411,1.549047747309484,1.0505032819291036,-0.2605076675763117,0.4836538186670299,2.1389182225809185,0.0020020026706729687
238,2021-01-22,0.21691854503680053,1.4188121281737172,1.2953883797079795,-0.7357100870263805,-0.9499080050973984,0.5264955250390707,-0.8484322417744494,1.1108203867093769,0.8330691024944838,0.7696946418340544,0.7971060841796027,-1.0486674521197508,0.9746490875911185,-0.6393079753680023,0.5980062172941195,-0.12889152418327549,1.098823591762006,0.6651307030238999,0.8213314804068095,1.0708193474412735,-0.23947311985459765,0.6761512351727863,2.0349477643166067,0.007968169649176881
239,2021-01-25,0.35548858037294406,1.4188121281737172,1.2953883797079795,-0.535338012396355,-0.7633947672098284,0.531747790609551,-0.8484322417744494,1.2195049541834602,0.6976189190569227,0.4179956130266121,0.7454547021286306,-0.8840896573726694,0.5775871846482457,-0.09666189501553386,-0.29739844350859007,-0.06725847547642845,0.9820959845488391,0.5584251668650987,0.5343771164861965,1.569643594271995,-0.2404264368230473,0.8022334335433351,1.8402250819200923,-0.03636764417087483
240,2021-01-26,0.1969412135990865,0.818896432510435,-1.1925022989228398,-0.37924695482318904,-0.6035302162213225,0.12701676645580268,2.4542493879767204,0.7304244005500866,0.4295605817064823,-1.0225728668857288,0.6999375130295967,-0.7817069594776828,0.23180269116975913,-0.10878848917201298,-0.5724667010987468,-0.10148974405843336,0.2617024150412651,-0.4930911289820929,-0.3701030385915757,0.8769260780775635,-0.23698171351986455,0.6417166017516743,1.2030954201938864,-0.04686300997884893
241,2021-01-27,-0.01230187477125572,0.16616109197092457,-1.1925022989228398,-0.29365001380742134,-0.49642092207087724,0.24714147268620684,0.43404374491291164,0.1258664939754983,0.13429066953230953,-1.3156769327946611,0.6467394279173421,-0.6731047518974841,-0.0661846294695193,0.14260311553969487,-1.1384255868301019,-0.2508443508918187,-0.6545193294797146,-1.4919280577680991,-1.2883570031375373,1.0233254374345337,-0.24128035843026766,0.26849569123753175,0.3361489232645656,0.0016159443322481858
242,2021-01-28,-0.12233286519637926,0.19132349762144538,-1.1442953834772611,-0.27002129909981043,-0.4262497219127932,0.7196020696685157,0.4015599112561327,0.14624485037688725,0.05269369025030492,-1.0048465979587098,0.6922987124509292,-0.5717745864107645,-0.3467373770411636,0.11449648798801515,-1.4369299817014027,-0.48313978001988356,-1.2622867527107953,-1.6987092614956105,-1.0955236705828852,1.0768396127260713,-0.24416852473492567,0.03498929711169944,-0.12275362731106766,0.02498136818701754
243,2021-01-29,0.3665669187156764,0.5889518084247185,-0.39610575597539344,-0.26397159937984094,-0.3673468827635036,0.645712968042817,0.3293799686686221,0.4655057673320084,0.2680633683211715,-0.17745552366118864,0.7832952250351368,-0.5091010657367301,-0.1445854087088899,-0.18856385089541605,-0.8573294159452542,-0.6681183715674568,-1.0926985067439636,-0.8061383037990278,-0.36551176876884583,0.47429143899997445,-0.24379242502158133,0.01664770468675002,-0.12850004347569594,-0.03798263474439128
244,2021-02-01,-0.05524016506919947,0.054234057862352254,-1.1925022989228398,-0.30058308946042595,-0.34065739862520006,0.08015307737806349,-0.23388761941322958,-0.016782000834236525,-0.2684794769397858,-1.0830120669510517,0.587543093774074,-0.5410597770422668,-0.3670172682959259,0.19004920826389826,-1.5318631953258564,-0.8961013235746504,-1.0078931619035032,-0.4963282043165727,-0.8935077983827738,-0.5034524762847186,-0.24626771432314895,-0.19388931003932663,-0.4558950512077304,0.006521762246387445
245,2021-02-02,-0.5398331476583194,0.16200488887719727,-0.7727214675369231,-0.35614224347135803,-0.33084983049030675,0.42832318773086037,-0.38698364226187815,0.06473142477132672,-0.49000932490813953,-1.0909111856533025,0.37219622034962985,-0.5751235531643396,-0.5544758620010999,0.21045184800203443,-1.25839192608539,-1.094070073331205,-0.8877024885004369,-0.426241890975021,-0.411424466996144,-0.4877879316443208,-0.24872285210027156,-0.2841065321311579,-0.515730420436776,-0.06953473007512147
246,2021-02-03,-0.17795805818658555,-1.3549407416944634,-1.1925022989228398,-0.44917919918187305,-0.37045591404794553,0.6030191859602468,-0.32404596457103235,-0.8028463442805288,-1.2332746893867073,-1.536551132112437,0.39293856068988287,-0.6664068183903391,-0.7584940235045372,0.6811025061156047,-0.5337312936361254,-1.1722068762976274,-1.4257490723308488,-1.3064250595619016,-1.5041466848058382,-1.156305796149393,-0.2771326244759693,-0.6699619649118582,-1.0601318016633374,0.0063676047279300286
247,2021-02-04,-0.16262480769348298,-1.2143421059805934,-0.9166742037321353,-0.5926363939374752,-0.43344807331686314,0.451417743855193,0.222286633860113,-1.4475833771651245,-1.345005654142376,-1.080179333541426,0.3759637652960312,-0.7675456143482816,-0.9310158963261225,0.5081085207832784,-0.3875495454592117,-1.1650024772076224,-1.4563535278255209,-1.1754444263619743,-1.125366924430629,-1.3215780330309697,-0.2846356884062337,-0.8479522782653176,-1.146537313812712,-0.03225140268845439
248,2021-02-05,-0.38074094457252416,-1.3549407416944634,-1.1925022989228398,-0.7449115904524048,-0.5232472202956421,0.5518862588327597,-0.2519178801639525,-1.6700021363120698,-1.4749068383351982,-1.0818770868822265,0.17356017335939855,-0.8535662175329487,-1.0558581218793208,0.5920951626478991,-0.09301239731147624,-1.0789318510333563,-1.7890537753301416,-1.4265809365788518,-1.4628252564012698,-1.5830733694298438,-0.3102104274751865,-1.073172994294264,-1.2949865764713426,-0.03209479226331366
249,2021-02-08,-0.32013439101603075,-1.3549407416944634,-1.1925022989228398,-0.9052494868027713,-0.6394768328047465,0.21152215559902282,-0.6224884732566264,-1.6295330184731969,-1.4604613856907145,-1.3034065899626244,0.09136288551696874,-0.9674310871544766,-1.1792388912268357,0.9900679835942734,0.4142806499016842,-0.8977952910363984,-1.7490668285549664,-1.214451446979608,-1.58449390670361,-1.8777688437548725,-0.33690575031291703,-1.3115643852731949,-1.4358665232511953,0.0085784839799919
250,2021-02-09,-0.4217852800718275,-1.1934874055518252,-0.7220884559308669,-1.0439649679927248,-0.7587950565530172,0.07653464855478095,-0.37627583480096394,-1.13934578377311,-1.321024150801962,-1.0650281510706816,0.1556836424489835,-1.038907606152192,-1.3039825111798575,1.3516016084350355,0.851469890122632,-0.6296358816316979,-1.4633675107009791,-0.6695799381942753,-0.9876288297487349,-1.546339791051041,-0.3713001332603897,-1.3640127340725525,-1.236273662515519,-0.025333452417609703
251,2021-02-10,-0.18249836078606602,-1.3549407416944634,-1.0896620992042574,-1.1661601809616704,-0.8840044265298119,0.2214669445042576,-0.5911656626513381,-1.3679094851556028,-1.157930633857785,-0.9098896964293567,0.21553241491110825,-1.088376629340705,-1.4130171992264164,0.9247050924734785,0.8644238521306394,-0.33738814683234775,-1.2391518677852393,-0.47607726799379474,-1.0059939090396541,-1.3822278285417706,-0.38960550497122304,-1.4523449345870374,-1.1368673602016195,0.027770991711047955
252,2021-02-18,-0.4959608522541968,-0.8352538825055643,1.2953883797079795,-1.248744669669293,-0.9886726574554956,0.644745507711158,-0.3641588388662091,-1.0318658561002336,-0.8400832416658315,-0.29453645530258904,0.07878376071751304,-1.127224643682167,-1.4528168544172948,0.5973857604851557,0.7673662057764471,-0.06854164593751488,-0.6398727472768826,0.19309843937077897,-0.2048173249733026,-1.1780449996194515,-0.3864818373780397,-1.3230419147830614,-0.6918175531954188,0.019886163004760343
253,2021-02-19,-0.4517772218146813,-0.22048542441027935,1.2953883797079795,-1.2839757076923044,-1.0612383346415089,1.2687397318459825,-0.4373257053821153,-0.7523852751116143,-0.6466525406373137,0.5151785016700285,-0.12712508217726753,-1.1809994812681344,-1.4086347670516006,0.33636101765689247,0.4767571439753484,0.13098483662557786,0.05131424727866652,0.8656874446564855,0.3874564821588426,-1.218241344211029,-0.4123672677815246,-1.100736940443089,-0.1795781846410472,-0.010797945346788235
254,2021-02-22,-0.172509695067209,-0.2801056212315316,0.9262259433686318,-1.2764479678172602,-1.112636216730457,1.070562267472584,-0.4742395171076271,-0.8869873802693,-0.5080081358947116,1.137709443797028,-0.25828348882703767,-1.2017630751402946,-1.1721134826459303,0.08778690486626131,-0.2945050669026951,0.18481609272527139,0.6857882776909708,1.257774536864148,0.18314497504736618,-1.001391641144768,-0.44869033894247856,-0.9716153495520838,0.07370907204789465,0.18252258202329785
255,2021-02-23,2.054988704824186,1.4188121281737172,1.2953883797079795,-1.1687760374301337,-1.036648951090675,2.0960062655680987,0.6739847609861761,1.5956736704168535,0.6759007793239208,2.058536462359888,0.9879286594118032,-1.1099057013279694,0.9687214452157639,-0.4631206176971953,0.38059155039437736,0.2422331854884087,1.4180744847959463,1.7793279366317674,3.8332044841175636,0.5546361065504033,-0.45684192588835654,0.05369913693806617,1.7815212519163153,-0.03320867099665346
256,2021-02-24,1.8752446110573253,0.9931823768559528,0.8573445069486882,-0.9836073225521674,-0.9045936254859421,0.8458977738796899,-0.3631728911097075,1.0857448914211414,1.048296827182268,1.244359551050793,1.1079169352272258,-0.9794873674673467,0.7507462107431232,-0.7031686617746591,0.5498410011663389,0.31742926106446206,1.3839099565078639,1.1528201048053064,2.246920760364415,0.9113258453259164,-0.45546967941477257,0.48874071780635603,2.15639025840503,-0.0300576279330967
257,2021-02-25,1.4302171225493925,0.6416106131624112,0.26186736949125655,-0.7590028016458339,-0.7620725546784562,0.5741136042123612,-0.4908970529696109,0.6631324662203874,0.8883561945698827,0.6979552334411375,0.9773190491337027,-0.8866731460111419,0.3824812586656258,-0.8718047620301909,0.5498410011663383,0.395557791089876,1.3853868362532873,0.8607325784798504,0.8833136230136619,0.5536799372056447,-0.44415985705520444,0.5698026867809469,1.8617662753975104,-0.06868701431986293
258,2021-02-26,1.6518876677491698,-0.03534583594920328,-0.7948462999733896,-0.5368610325657328,-0.6607543879022115,0.2463398157273166,-0.6293979730339031,-0.25623491491809314,0.3537259204555076,0.017084481739645392,1.3721746717914325,-0.8163448441860812,-0.0689846436573699,0.27365448876130505,-1.272554038850015,0.24660002224537297,0.47360791973761934,-0.4706279142397617,-0.9118728776736931,0.20873047453988086,-0.4393687301463739,0.24993317304425594,0.9526908503161747,0.04922694076515067
259,2021-03-01,1.4873989907165635,0.44096607807494276,-0.19878077179381534,-0.38479976186212383,-0.5601603485209732,0.3261234825402911,-0.5113914687776776,0.39621935556728005,0.3826921000601492,-0.21463278931575325,1.5202158315873466,-0.6843955540952499,-0.39494777368676537,0.1297529589809882,-1.5145889467197482,-0.03556959931738187,0.1663780674334266,-0.5401783515945013,-0.12447010307553097,0.996281265851393,-0.41463371892280765,0.282190911396378,0.8168386055774376,0.002725539981050012
260,2021-03-02,0.5237392224165485,0.46743171175801757,-0.44328737733670437,-0.2920153924029534,-0.46322601618699344,0.3184759844216647,-0.3741760280401158,0.4332906209357679,0.44711589714482386,-0.46524816969775984,1.2022560797653814,-0.5647895986104533,-0.5897575915085629,-0.11284497421531461,-1.5145889467197486,-0.3626701970373875,-0.11142574764290528,-0.436193383703429,-0.42749391137569825,0.9374355146407363,-0.40356439787654624,0.2986274037496201,0.6815845609577008,0.017804624633506468
261,2021-03-03,0.5010117648328635,0.6477503918759043,0.30900706909995,-0.22163651125821038,-0.36258199502986754,0.23250814540125353,-0.4785597629980281,0.6779609723677817,0.5119253655660576,-0.031782519026167015,1.002437363265146,-0.41552136616542446,-0.5577344112963555,-0.3410541050061799,-1.1833104865496438,-0.6455998930739167,0.28376400899932464,0.3934247337960474,0.22676203836329933,1.3793425763627885,-0.40446919610543514,0.3814341771673849,0.6848521679126887,0.025865786159067747
262,2021-03-04,1.4753088135088042,0.9103749877582652,1.2953883797079795,-0.10784832561403966,-0.2490252713107421,0.425117992084804,-0.009136803908406651,0.9403465268406415,0.8519708489778288,1.3610457068283508,1.1447003990594398,-0.2721855891124414,0.3315219963479807,-0.595581273591313,0.11333577519294842,-0.7247970466908782,0.4243482783332624,0.5513478311245447,0.8488790993431882,1.3594206195274985,-0.4106651496257091,0.5445178875695031,0.822293734504969,0.005715785891231249
263,2021-03-05,0.850589120406576,0.9695969720110048,1.2953883797079795,0.026685269126349647,-0.13092246825545176,0.4500081766394976,1.1325636564175054,1.0188950686255092,0.6718827006759936,0.8999363075804546,0.9312163179508536,-0.1382269189694685,0.045129672989752456,-0.7617344634681849,0.11333577519294842,-0.6935839518393289,0.7682230293889906,0.8328280204927379,0.851174734254553,1.212431779031919,-0.41430246688718386,0.6449202496570221,0.8269718163760593,-0.007280323368125385
264,2021-03-08,1.274316103576375,0.8682114749335463,0.5597601205177878,0.1814573007557347,-0.022516309335647522,-0.04848111605740078,1.461719381149626,0.7486946511168502,0.8613450775916796,0.9832084220901268,1.0247823109341558,0.004247695204024307,0.5856305246109785,-0.9441959537496608,0.7924482801380864,-0.5257829240327819,0.5643517221479687,0.32785355702748287,0.3185874348178955,1.2487258342755292,-0.41934641385837074,0.6345829756127395,0.6447238000418877,-0.06579191591206436
265,2021-03-09,0.34902837838854045,-0.18003723160486856,-1.1925022989228398,0.27703085990069765,0.03177367304051829,-0.35295093069429495,0.23515180555153625,-0.2710634210654878,-0.09084951486403874,-0.794703422474563,0.9359878504487864,-0.06426259609766825,0.24031546836012385,0.1245793711446698,-0.813590917921955,-0.49781656257651563,-0.2927453734656659,-0.9956266588520376,-1.0955236705828852,-1.023996711121734,-0.4212519554341846,0.26210003705432006,-0.10930892721302361,0.02259671786992917
266,2021-03-10,0.12022307196100815,0.01725888872427974,-0.46608581468027205,0.2905007912005415,0.06272831762074167,-0.09455312467495143,0.17560546943022798,0.03292095495610683,-0.19782439905183277,-0.7731172960452355,0.7726384459788438,-0.09966595892116763,-0.03881685553687149,0.017961592162987094,-0.9776485084619583,-0.5634809273837715,-0.943950176688506,-1.5091324371936652,-0.5881883551712416,-0.5612335179529215,-0.4086930453586276,0.13335265901042095,-0.30317405345505144,0.018893949359961613
267,2021-03-11,0.172734914597285,0.2993899382697353,0.1175565788207471,0.2719004759936968,0.08836513969569985,0.17693024368162583,0.12716209574393492,0.29241981253551574,0.04902872349826652,-0.31072656918561875,0.5664294201542692,-0.08885358054534327,0.00422212244986144,-0.20774142109228647,-0.6766623692838546,-0.6348564774959885,-1.1501949504970204,-1.1776367037445479,-0.16120026165736942,-0.13348939149145758,-0.3974490696801274,0.1411511244029238,-0.22893338706865216,-0.010212397275134665
268,2021-03-12,-0.16495982045893007,-0.49153215878366247,-0.2517432376524556,0.19693133568218252,0.10187932574671899,-0.04158928124165927,-0.3520779998571914,0.15154900413526604,-0.4331251025404004,-0.4865161421358838,0.3133444468712184,-0.01383672526527584,-0.2121884886430257,-0.2026980018503378,-0.9166529862725656,-0.7325813757915195,-0.8264859113772223,-0.338646951994025,-0.25532129302333045,0.40568662292020913,-0.3697569976392585,0.08329975724130192,-0.2798016821090532,-0.05725375635801678
269,2021-03-15,0.013071930613269351,-1.3549407416944634,-1.1925022989228398,0.09757045631339346,0.07212083545077322,-0.3122870635935216,-0.6246557838204821,-1.2126735614250637,-1.162057816243256,-1.190159948595775,0.31228847424110084,-0.028954918038556505,-0.45352659334653794,0.36517828670798874,-1.248087338073753,-0.87618406372648,-1.0043790768522576,-0.6506035823116793,-1.1689839877465624,-0.5531684155492724,-0.3307731031176976,-0.24165233025545516,-0.7690998480773403,-0.018476276167573233
270,2021-03-16,-0.2225308574203423,-1.3549407416944634,-1.1925022989228398,-0.03598985041348362,0.006787864608653003,-0.2941368392088287,-0.5402167527985187,-1.5092436843729613,-1.5112628563680697,-1.4136907303443056,0.12261994051545433,-0.07306559442134929,-0.6283000181819545,0.47480375686636206,-0.9032030738273014,-0.9894193837263076,-1.3664975604340392,-1.2462965927388387,-1.1712796226579272,-0.7322010534920717,-0.3034947905105843,-0.5193799907917311,-1.081223564302266,0.01733145635163994
271,2021-03-17,-0.2427935793071665,-0.8982388300801546,-0.41294817633734265,-0.21254351761044785,-0.0665019103830191,-0.26186368729809467,-0.22774673092456257,-1.0570485752290326,-1.3412745285722742,-0.9169297739580983,0.0380224488670441,-0.11440141263689613,-0.798761462099158,0.533645335453509,-0.5894822545623747,-1.03966547255326,-1.3117336917494784,-0.9378828323657347,-0.6891962912712973,-0.7361534451861974,-0.24496065449920568,-0.5866214110513158,-0.9774046947522524,-0.002293578987099401
272,2021-03-18,-0.28606914922678595,-0.9494400370604702,-0.48211485640523405,-0.39522338521390643,-0.14160166333805377,-0.24975749490762253,-0.5396609143866213,-1.0919829004885586,-1.0424820290082248,-0.5430813912644303,-0.15134196474112813,-0.18463402969756917,-0.8427366444963186,0.2784386557901262,-0.7435042681437445,-1.0724523796525278,-0.9534157952391212,-0.27970634602775524,-0.5468669267666733,-0.9680338670602706,-0.20630200936474774,-0.616771345241979,-0.8320533553574091,0.02157948587368264
273,2021-03-19,0.13815078108238527,-0.34010230196796304,0.930853282898244,-0.5206553132720146,-0.20059040577339174,-0.21688038140545554,-0.545205139438589,-0.7601068105230552,-0.6298679299527422,0.21033887707144783,-0.07624498888180423,-0.24051393210006755,-0.4293952340078292,-0.02070718616128355,-1.3972092343792628,-1.1733612990820006,-0.19140275911574786,0.6703654610960831,0.139527911731433,-0.8382065908797378,-0.17108941334984062,-0.5081954927855418,-0.4827782376070335,0.006718950248745009
274,2021-03-22,-0.26051373173828163,-0.1475811521086673,1.2953883797079795,-0.5800955508485367,-0.2420181980156888,-0.06015229365240627,-0.28644232771437345,-0.6553038347444738,-0.5087396324493271,0.8089580433101178,-0.25114808185672,-0.28223248937316314,-0.5988339372459448,-0.22092412996008354,-1.3972092343792633,-1.3007888844408046,0.4334776049873391,1.1200130540962872,0.42648227565204594,-0.7219143833904437,-0.11961685488630402,-0.3917266442617343,-0.19010162394414887,-0.04217149099067526
275,2021-03-23,-0.3088484959830365,-1.2094806069236093,-0.6384020757012464,-0.6210099007857665,-0.29434783651872215,-0.061592622394421113,-0.2033294450724494,-1.3015888520457208,-0.7847369157177629,-0.32668335145626437,-0.29036455323849225,-0.2972549973820562,-0.7739386211719461,0.05661875778343611,-1.0815157348577755,-1.3928516441331358,0.3552376575651724,0.4199948173337352,-0.4779978794257262,-0.5219703807189492,-0.12791170271100535,-0.5110473419098542,-0.35197582335773603,-0.021771969135585146
276,2021-03-24,-0.5385099737578993,-1.3549407416944634,-1.1925022989228398,-0.6834654164850328,-0.3617812195974309,-0.18219489758644736,-0.09378402656136249,-1.582468609531508,-1.1255023530364707,-1.534638241425348,-0.45601240100812457,-0.3473938139212841,-0.9050537721626946,0.4271416501398723,-0.5016245355453035,-1.3886496696801354,-0.38802265240800077,-0.9069452594208322,-0.8912121634714089,-0.8936915983151473,-0.16221891132625083,-0.6663391581403676,-0.541889736438143,0.0011890607821903139
277,2021-03-25,-0.47331122842936,-1.3186903793403373,-1.1099062471842247,-0.7790556516728999,-0.43284573575323765,-0.021182904896992313,-0.1599524948014056,-1.369686356703715,-1.1268681745123819,-1.11459671654323,-0.5130011769752097,-0.42939565700166105,-1.038239342583806,0.5091424182902107,-0.19150223869258517,-1.2978628445630203,-1.139302912714448,-1.6690299921997542,-0.7305177196758657,-1.0374803510841477,-0.1966851471974044,-0.7297762044440251,-0.5395480743059478,0.026965291492484576
278,2021-03-26,-0.2172381618186622,-0.24365782098502278,0.6771426548414663,-0.8785358012640371,-0.4855522712590257,0.011020347448513665,0.6298046666164563,-0.5805326906248766,-0.6476559454538448,-0.21421711774711447,-0.5292196135410812,-0.48470145081783034,-0.6963703788931861,0.2182632371835368,-1.0395024350731081,-1.2737079005141119,-0.8020361644658914,-0.5414974680090945,-0.0923312143164223,-0.7325772020764025,-0.20083775853811087,-0.6144502451640336,-0.2374370094635449,0.008638118785634533
279,2021-03-29,-0.3997064371452111,0.09454458755889092,1.1888463982120276,-0.9280276712631759,-0.5177207540735949,0.01703653728910076,0.37972853601967593,-0.38621862308001526,-0.2100845214507667,0.5308554034779456,-0.6470964492501956,-0.49159075385375567,-0.5319341313249832,-0.005769891873180202,-1.51852408520624,-1.3439277515695587,0.02318676023409821,0.8504574977537182,0.18773624487009594,-0.16353272444344089,-0.21218600870356036,-0.48101808148978364,0.03466174619055044,0.02155500356182969
280,2021-03-30,0.040313746210152095,0.9372422153853226,1.2953883797079795,-0.8876429427172937,-0.5214901600854809,0.2602647355395554,0.5195979458054879,0.10604368136695756,0.234809481205214,1.1740243469737413,-0.3595543231161275,-0.4635551178881197,-0.015372258801888701,-0.32463418054020776,-0.5534317125279635,-1.33889207172058,0.6780220790395626,1.3265269528075398,0.7157322744840239,0.2009401193096195,-0.21553973485240502,-0.27954110455464726,0.3666240195285531,-0.04358487997913034
281,2021-03-31,-0.32511575158231787,-0.4712179016380163,-0.2954014085686185,-0.8194680779051312,-0.5317658393423148,-0.1970878237450509,0.5392482385275931,-0.7442275717687262,-0.3844170823684018,0.1574684402157978,-0.40226604699555807,-0.4889115804508956,-0.26172003328749915,-0.5228506659406021,-0.553431712527964,-1.2958717887447704,0.37563225997488275,0.2565524966849257,-0.2690951024915199,-0.34797158848550647,-0.23266589983268388,-0.35788985669498524,0.16221828114071218,-0.0017600473889360546
282,2021-04-01,-0.2896495021338048,-0.4768764242937169,-0.3858001616765811,-0.7756804641892707,-0.5450966892592158,0.10957258101613586,0.289250470425548,-0.6646397320121061,-0.7866261615905534,-0.5523247952121438,-0.570710096763317,-0.514076673484898,-0.44204575561293274,-0.36193757486653555,-0.9971898221157967,-1.2910908881348255,-0.34669421279705115,-0.9576486892954592,-0.3586248640347512,-0.3433076827705608,-0.23551891706018008,-0.4020694671446967,0.05608177069493467,-0.01062583787622619
283,2021-04-02,-0.36699031384266906,-0.900170622429017,-1.1925022989228398,-0.7866172808670482,-0.5641707322700416,0.44318319705266185,-0.20678694098710065,-0.9700586464887235,-1.0782661857325393,-1.1596953500566116,-0.730641837327065,-0.5502455144235,-0.5999005939863306,-0.26187448281289466,-1.347243106428922,-1.348892147718084,-1.1785441182323535,-1.7529391426376681,-0.601962164639431,-0.62042177194717,-0.23079412391932871,-0.46472064610673197,-0.05985098124361926,0.020558727021036567
284,2021-04-06,-0.3713490043381703,0.18473804562619037,0.06789913670591792,-0.8443235428056364,-0.5724337618064912,1.2722595034581767,-0.24768940161980707,-0.36627417588316863,-0.5305596566079145,-0.48061928791270025,-0.7452929764051315,-0.5664162396050445,-0.42327211829529715,-0.46313888232141925,-0.8343167331197953,-1.3713635028753064,-1.214677537463518,-1.1511431318909071,-0.11528756343007136,-0.5024286498376348,-0.2086666320025685,-0.3906849920332262,0.07697238077157696,0.0023228814161397287
285,2021-04-07,-0.29206234865810016,0.308972401468641,0.2061994881780348,-0.8768095441062574,-0.5708021324859901,0.9291305991937436,-0.2191196526021136,-0.29727023638539196,-0.10580189835493577,0.15192710225389744,-0.7150530530850184,-0.5447914828533941,-0.2105047560933855,-0.6538559929981791,-0.3036425191826093,-1.309269898388228,-0.7442785957004685,-0.09130307356220406,-0.018870897152745387,-0.11182872927967459,-0.21337310622538536,-0.32215882883271807,0.17717771812517188,-0.006400952899518439
286,2021-04-08,-0.3665492558758624,-0.002345603562331347,0.5874278249598419,-0.8860031869938677,-0.5655053497275432,0.46551083924051956,-0.5792016760739603,-0.4870310700042807,-0.37086103347296573,0.08296407277492929,-0.8041553678018587,-0.5075701095065249,-0.40853817561028766,-0.7611253283476856,-0.3609487301877674,-1.2160871177632968,-0.2504961420242338,0.45412152249929,-0.011983992418650674,0.027197806637877516,-0.2117161557939524,-0.3010399251950861,0.1777200987154514,-0.008206376652187899
287,2021-04-09,-0.48918931523440023,-0.40736024387435577,-0.31280946970688567,-0.8773404363787456,-0.5616218009713183,0.08251232507225921,-0.5613889239659726,-0.7285448582465048,-0.5194393148053742,-0.3297110486050473,-0.8586528857423045,-0.4714969533323105,-0.5933184395736635,-0.7208132912180065,-0.6703241830150766,-1.1523714162039285,-0.23219283855188805,0.07471061385729443,-0.18415661077101847,-0.058035046728028394,-0.19283701635116215,-0.3177151060013009,0.1146777247600673,-0.00590320486413187
288,2021-04-12,-0.6042276108120936,-0.7030706988050971,-0.9510325817903399,-0.8877759659064189,-0.5608398556346367,-0.41079070764265074,-0.5196870077145465,-0.9010547069909471,-0.7481181736588193,-0.8452915406780716,-0.9274274008442007,-0.46087594448525965,-0.7527159515767637,-0.6743869016229765,-0.9877041413704374,-1.1475893557241863,-0.6458176445442276,-0.751356168698012,-0.28746018178243915,-0.3499862804269559,-0.17218327165904249,-0.3455491680823601,0.04550215569778832,-0.028221626795426464
289,2021-04-13,-0.5762334022130113,-1.3549407416944634,-1.1925022989228398,-0.9662457742914176,-0.5765923139378564,-0.7741028331615026,-0.48452067733423615,-1.5466646786600131,-1.5095447403448883,-1.7296235946692915,-0.9362900948848943,-0.473889072442006,-0.9092020553843961,-0.14065534971307667,-1.0681733803630225,-1.1830774652985798,-1.1652156169606176,-1.3509864488878565,-0.8269343859531916,-0.6661751310489111,-0.20071996296262468,-0.4801983145552735,-0.1892373810987676,0.010902591338215436
290,2021-04-14,-0.6964346704609711,-0.760452406168053,-0.1993795983823583,-1.0687062780229644,-0.593918255413653,-0.3695034997598477,-0.5732882350050793,-1.2507940135492577,-1.25931142410284,-0.9685999482461733,-1.0314980027408387,-0.5050823056324417,-1.027918444291595,-0.3247985667498753,-1.068173380363022,-1.2362145914659486,-1.2229727079177992,-1.042915052587932,-0.45045026048934733,-0.7554034101720357,-0.21591178022226992,-0.49553814807842955,-0.17664550398335113,0.033178398697318603
291,2021-04-15,-0.3533694060442277,0.9267204213938555,1.2953883797079795,-1.1376459902072418,-0.5905120534109839,0.0806191188926231,-0.5900286770462767,-0.3303074998713524,-0.464926389951985,0.2529236211002625,-0.8936640726545035,-0.4869978851631399,-0.43672194382331375,-0.565019800263695,-0.7043507129315851,-1.2496576989677652,-0.3357452365701917,0.5092806763826655,0.33006560937471996,-0.09063797112111296,-0.21662069630208414,-0.33406181747534874,0.13039595525414557,-0.004087596932316757
292,2021-04-16,-0.49334044903963953,0.7429625346435323,1.083732544079533,-1.131943903624968,-0.5755320130779921,-0.29483442359786666,-0.5721181402084226,-0.445368314081091,0.1699670023496938,1.0828906565536838,-0.9596324338322174,-0.4698703123377159,-0.3025353746699901,-0.7201093302446211,-0.30283330681626286,-1.1927943460866903,0.508536372480382,1.4052099104702773,0.24283148274285365,-0.11155359565403454,-0.2180733893696459,-0.24529031068511276,0.2539192288000104,0.02427864917026111
293,2021-04-19,-0.37697897956152604,1.4188121281737172,1.2953883797079795,-1.0100022159587478,-0.5385203766450697,-0.41455148208973214,-0.21438805599747046,0.24499657117734197,0.7950159563835479,1.3518802051883454,-0.9662502047335637,-0.4235588863740012,-0.21239855851513206,-0.8725422952119853,0.04658900356420104,-1.0620971975261573,1.3973006997151978,1.9865443400768206,0.6927759253703748,0.20726900730536602,-0.21245720514222788,-0.07021697646057196,0.497684309699317,-0.016120095757922323
294,2021-04-20,-0.5502369267577003,0.7511340550284015,0.6111678869691144,-0.8159174661542894,-0.498637749282717,-0.3315955020747716,-0.2392954813495658,0.45350207794489095,0.867845291723609,0.7926835177058954,-1.0093091725789507,-0.4115026060611344,-0.37381565172276626,-0.9989982633339695,0.10229467984844405,-0.897606707452024,1.149474935715994,0.8904304772527255,0.23594457800875898,-0.12746530904738354,-0.1993398799844074,-0.0423163677147936,0.44551544552710404,0.018401899372036644
295,2021-04-21,-0.45621374606903076,1.4188121281737172,1.1088646952636332,-0.6036945445646797,-0.4472557884242296,0.06615535163090862,0.33428698345103913,1.4780363413652793,0.8773497991797905,0.6467444708894319,-0.989207261897924,-0.3879641540217249,-0.5888829098849041,-0.7072365748971129,-0.6865227830633307,-0.8254830174715044,1.4648758531093318,1.0855754247752776,0.4081171963611267,0.017763077575043588,-0.2020169393248434,0.0596681261002563,0.5282064220477284,0.025317807984289786
296,2021-04-22,-0.21882078158190968,1.4188121281737172,1.2953883797079795,-0.37139991669353467,-0.3755039782070904,0.5561572937992344,0.6020968976833915,1.4174038591295863,1.6501495513639963,1.7332255422082068,-0.8808118972714555,-0.35380469313526963,0.17642903058391543,-0.8947065452770229,0.4328878686461949,-0.6698831639410741,1.3717629068187749,0.9197230779156326,0.688184655547645,0.3111906282034007,-0.2088245644002603,0.2375356068424236,0.721806915703481,0.024150460232283122
297,2021-04-23,-0.21241246877007153,1.4188121281737172,1.2953883797079795,-0.1359833476801577,-0.2798690512877623,0.5648926864262288,0.6811349369046622,1.7412480136377588,1.8445474921352545,1.4511734219405992,-0.8780172747354159,-0.29505424780113426,0.3366446053963097,-1.0350455818424276,0.7791768625120554,-0.44217244617632384,1.8145803333512784,1.4793104437845614,0.972843384556893,0.6202666503058752,-0.22695513291950406,0.45071039996622686,0.9359869821043723,0.02939030669574666
298,2021-04-26,0.5428863270932146,1.4188121281737172,1.2953883797079795,0.12219276671969091,-0.15633053923624687,1.3912317729516948,4.242910431056012,1.3747043572404052,1.9906442434926868,1.4756725516738254,-0.6785656541685182,-0.21573157812361565,1.333850253471902,-1.197552919847557,1.5178050031997672,-0.10619817899491077,1.7314950688606896,1.2093310693155281,1.2529108437434113,0.9689954436065216,-0.2668262606669099,0.7059689431199776,1.1780119333997123,-0.023442735770750293
299,2021-04-27,0.10011601759188041,0.8249199681853413,-0.06595121942305587,0.3794630928927674,-0.03910558794153527,0.5228291402327547,0.4117891663393751,0.7769755980804193,1.3479235005349495,0.8848765212354777,-0.5232004411732559,-0.13583479985977132,0.9464188869837274,-1.329837099833747,1.5846189561132642,0.2657327468445029,1.4508278814685382,0.6436341901680896,0.4655080691452493,1.0171679838132905,-0.27893156339969005,0.704412188262301,0.9403030343530543,0.02659731251926585
300,2021-04-28,-0.05728978738553637,1.2284973820206249,0.19228133108008005,0.588763444200292,0.08345185762407385,0.578113421659317,1.3832609605002848,1.3336367713452422,1.0399618757278428,0.6872826569082504,-0.5583594421908017,-0.044073110811833766,0.5528191445521549,-1.3985919549602952,1.5473543162184373,0.6211035212730098,1.2068159609321492,0.43697159864739044,0.6996628301044695,1.1770044458749847,-0.30362901954270355,0.8050477979145857,0.9217710024122001,-0.028215872354676718
301,2021-04-29,-0.4057515257490908,0.5716320555256216,-1.1925022989228398,0.7371388496951026,0.18187461195897833,0.6169999854609569,0.4301211861772821,0.7435759276845286,0.769417141605523,0.3616098781134861,-0.6158592272126353,-0.003311401182616024,0.35012260592411576,-1.4746294318119235,1.607661616852183,0.9463686483154511,0.6121258468914701,-0.21921073277524702,-0.16120026165736942,0.5657946349980175,-0.300725303527092,0.6810433821403977,0.529655835128675,0.017661684675986465
302,2021-04-30,-0.13385226150591825,0.8484296838757347,-0.6278584858690877,0.8200051251014183,0.2692645282326438,1.0718229100808196,0.4569674308657001,1.1109723020393136,0.6490690549148149,0.1490612902703229,-0.6115060537310213,0.057735478496827225,0.020278169792094992,-1.1127290921965183,0.6868661727281626,1.1174489161595909,0.4209914922774153,-0.14766682096651843,0.07065886439048587,0.7780403547655268,-0.29966130930563906,0.6621587944529759,0.39251554993339927,-0.0015927797367862224
303,2021-05-06,-0.31318124189225494,0.7491980960322694,-0.722019249162109,0.8720049280797659,0.3414811123825608,0.618888326603141,-0.09607338609149893,1.0660056462249332,0.650902949097757,0.9365234342891665,-0.6332000156952698,0.10069793770696522,0.061012530019415145,-1.229031168419629,0.9402882829005945,1.226797458849657,-0.0686815514978684,-0.5388426866244422,-0.04412288117775933,0.5260854138241313,-0.28780584352875344,0.6090817602705084,0.22537610040698475,0.0031830265601208913
304,2021-05-07,-0.2983149939522418,0.6000621756334777,-0.24429485557276687,0.9022702855341448,0.39985200217411226,0.5972206961465575,-0.2852233971627843,1.1338893918996937,0.5729105573384877,0.9124356910414894,-0.6295747679753864,0.1576303725177308,-0.22910118268162186,-1.2346334834914314,0.7217654561704797,1.269079325564844,0.19973059997221768,0.14411137668979207,0.05229378509956664,0.7134546849091521,-0.2821762518834672,0.5623111432434739,0.10225635421722915,-0.016017427331662185
305,2021-05-10,-0.27333035736195793,-0.0009935406352418606,-1.1925022989228398,0.9140211000306865,0.4335676084808781,0.1936475806610171,-0.1801609556845915,0.5435399613568418,0.3950314633212742,-0.5718303628999061,-0.6854197382150737,0.2195384150766609,-0.4582810623833461,-1.3295426301649638,0.7217654561704804,1.2736919194997727,-0.07220636069631764,-0.16381059796969596,-0.31959907054154785,0.3818616283589132,-0.27086830984925,0.42285144803056596,-0.1519134806350412,0.030739039157022197
306,2021-05-11,-0.09135502917478117,0.7410112096840517,1.2953883797079795,0.9225916501039955,0.4677002383369376,0.16163870250859735,-0.18924964453126944,1.365135647490958,0.5022683876205581,0.8972434750908003,-0.5286837084105019,0.2758967413010974,-0.7268609514982658,-0.8954151417274213,-0.556657381784259,1.1028308739449812,0.4722987363765412,0.6409783112562203,0.3667957679565585,0.433335071778573,-0.2608907738409806,0.4744168674821724,-0.03441703987537699,0.04590300999107484
307,2021-05-12,0.36236389573787164,1.4188121281737172,1.2953883797079795,0.964565350314776,0.5278383711508086,0.7443749249491104,0.6032175727307317,1.5863780720435707,1.3855056597202098,2.0585364623598825,-0.3193732154017092,0.3401969029697247,0.38898774041621254,-1.0906597512485303,0.9065856739211742,1.034803513635991,0.878932311861736,1.1259903172280579,1.1358334632638012,0.6427001328508972,-0.2621067192520244,0.7267761927594746,0.39681939396685023,0.033818464142917795
308,2021-05-13,0.6868528363761692,1.4188121281737172,1.2953883797079795,1.0524195052268526,0.619984101222997,1.559685281350579,0.9141919985069304,1.4694728804048767,2.3543442916157375,1.5220230226905247,-0.18968957211898707,0.3927278386186481,1.2345614567571157,-1.241758551737327,1.5489246418254146,1.1031159574247944,1.6706181257159696,1.8930408869911588,1.5582302869549434,0.6858812578100167,-0.2692119796506954,1.031910462675649,0.8304456155774134,-0.017992218882128635
309,2021-05-14,-0.02810212781744771,0.5823989422820578,0.3610730539263781,1.1695237406578012,0.7093056959076973,1.3742252967707098,0.6176868675790095,1.0931591444948383,1.5820474306047219,0.9087170825867581,-0.25798207928133216,0.4605683365696256,0.7983067647830233,-1.3426467810703735,1.548924641825414,1.2354129997297134,1.5283744358834734,1.178084665405666,0.7983751312931604,0.7392951096589901,-0.22735400774042364,1.065335042024198,0.721002161620943,-0.03292067862008944
310,2021-05-17,0.040573192072979554,-0.7531634850103832,-0.9861463559563787,1.2710595138575909,0.7651868643135565,0.7510529996630447,-0.07616081404018946,0.2921033505140758,0.6643031932327987,0.1710883256192922,-0.23289049930433064,0.47970528944719293,0.3767028608183235,-0.14360959125420536,-0.4070041433089636,1.151069108616793,0.9835011916397218,0.10049102182296564,-0.13594827763235548,0.17150551203720768,-0.16868777624849135,0.8536775300965938,0.22182480480412142,-0.0005072280098604293
311,2021-05-18,-0.4666953589272599,-0.7725019458014574,-1.1925022989228398,1.3114844710909301,0.7932826435837872,0.402884667480568,-0.017368792069776363,0.07194875933015327,0.42470744122347664,-0.2181772320158736,-0.35128798944520095,0.5269735630547873,0.07998861350716636,-0.3483112192440856,-0.42982888432402055,0.9602963241713449,0.25789854912340454,-0.6803558903247529,-0.36321613385748097,0.43163939700176207,-0.12670441001601845,0.6811463430218425,-0.11180326520028645,-0.02986833771246744
312,2021-05-19,-0.3580653761614046,-1.3549407416944634,-1.1925022989228398,1.2628661825112992,0.7799583443513841,0.4002451130699584,-0.33692322835263794,-0.6298308892427378,0.006731460344724939,-1.064803632528634,-0.3117313108936832,0.5409435386554097,-0.23674176046742634,0.19599871379689987,-1.3861838945909388,0.6141880151552581,-0.7039153366183273,-1.5637904522116315,-1.0243589883305735,-0.010208198439511474,-0.07262190850305099,0.38379893101816265,-0.5883382486868672,0.03442415424832823
313,2021-05-20,-0.15030112920917887,-0.5623055856552535,-0.3698328313839086,1.1751720049685046,0.7612849453824304,0.7738116745560522,-0.42303248218181516,0.18084560135008407,0.23527044572727515,-0.531329905052993,-0.17937996505430842,0.5830448349860592,-0.26376568354230256,-0.1589178722612435,-1.0295441190776653,0.2605657114318669,-0.8563877861691125,-1.077466037548375,-0.2048173249733026,0.32267645672877215,-0.03292144188538537,0.36629342768075834,-0.49956350431840607,0.01901007722497336
314,2021-05-21,0.5497616424581422,-0.15997379671110318,0.46685705477964085,1.136983064549002,0.7494673436925567,1.324186435746781,-0.4460588636207511,0.19989828826374145,1.0527216069636183,1.1428005547169715,0.26218778827772754,0.6354800858705949,1.354396926310487,-0.5476089059939079,0.6857068613819748,0.1411173995237354,-0.7475245577387235,-0.44717659447813685,0.3461350537542744,0.47279207049657496,0.025470633427447285,0.4392998801947648,-0.27652621203289546,-0.017496072393758378
315,2021-05-24,0.010399638226146568,-0.716965953466161,0.21872341821662183,1.1021695081554865,0.7275181617095432,1.069087751726405,-0.4508723458151541,-0.14366357951745115,0.3040901252315246,0.1726825770903704,0.13289239324383484,0.6771986431436922,0.9111030851378136,-0.06862444373197071,-0.08950614617862054,0.05637478201064567,-0.3976553549649716,0.08736388432651178,0.04770251527683683,0.4586666614080705,0.0817219158265972,0.36395160498716583,-0.3472625146907422,0.06255091932852459
316,2021-05-25,0.888701717655929,0.5087831176373925,1.2953883797079795,1.1378567828247208,0.7389124723063143,1.4441529172605234,0.20086626656466217,0.9075511589318859,1.0841440884025748,1.1730732056863062,0.7973393500776975,0.7440822934507919,2.0091652496989703,-0.5286598764718812,0.9445064507986897,0.12233406225336589,-0.004014157104868619,0.4747379588838219,1.2506152088320464,0.7672208783594227,0.09601239109446194,0.6484923284280207,0.20059262055639276,0.06421279305841165
317,2021-05-26,1.0072684769680758,1.4188121281737172,1.2953883797079795,1.2406925043626025,0.8106999842492693,1.7660986354016972,1.188850287823512,1.5679972424454833,1.6906388443473213,1.4325190347308072,1.1065044922571836,0.8248402345941281,1.9573434767619227,-0.8162479660182884,1.2401695952860332,0.2958478391987187,0.6895418965759942,1.184536347396749,2.2698771094780636,0.9493154007982633,0.046715105350545,1.1708932629394855,1.0383699618075544,-0.010270239859557573
318,2021-05-27,0.49535584502322494,1.0805098467007448,0.8329576868077352,1.3390485371541243,0.9019895795591413,1.3348790453720571,0.49391114388171536,1.338518076665881,1.526539475240072,1.1984837751548332,0.8041496729691443,0.8619659231766097,1.5647042947065637,-0.9568064491982011,1.2718554137609006,0.5139354209505508,1.4230082130506194,1.8083459866551685,1.3837620336912109,0.5164306353952056,0.02116558096343684,1.3678512531649114,1.1620008206910786,0.03267398823465314
319,2021-05-28,0.17076312603979632,1.4188121281737172,1.2715075428944462,1.4761089717229472,1.01753404262201,1.4505993002220603,0.5624542874936461,1.4298387041835268,1.516722875272674,1.0282918959587644,0.8056386581176019,0.9352604526976933,1.7255344443695022,-1.1160411667641807,1.532874882943934,0.7687877733478088,1.6757657588270225,1.5797303611335203,1.5651171916890383,1.0155482850113293,9.383827977917371e-05,1.6250104789821134,1.3620152568060324,0.021487719736689503
320,2021-05-31,0.10325531253209261,1.4188121281737172,1.2953883797079795,1.597623325679275,1.150035439329857,1.8843303869018613,0.4671308530240437,1.567823897859082,1.3810826227415343,1.0035764339739117,0.6431825913643551,1.0562059948839215,1.5056825464811923,-1.2310622031110816,1.6224996439163477,1.0325213343773525,1.6845182935402294,1.1769381402823575,1.4641092555889825,1.5804517656745483,-0.031012842136431174,1.84154703120845,1.453799828453481,-0.008968669982760488
321,2021-06-01,0.3313082259574253,1.131634488538153,0.1962865929768346,1.674173551765133,1.2708692354103743,1.2350337671731433,0.31757156662444685,1.1936793063593896,1.1057377916248723,0.9245550413519239,0.5341981552530412,1.1724629836151463,1.4181854915641516,-1.3338795151594955,1.7472374933572814,1.294466138809911,1.576408400879003,0.907215129626631,0.6239068780294277,1.4905687420814113,-0.017531677702468357,1.8296380078495957,1.143546410418347,-0.01774554248747175
322,2021-06-02,-0.018865855100790325,0.5794708091186979,-1.1925022989228398,1.7056954418813843,1.3572522418210253,0.7894898715832536,-0.24779304918929015,0.9189241972629479,0.7232835428344969,0.32173828964562207,0.3169320191580329,1.300393513601686,1.016994146664489,-1.0082896506574852,1.1156651706973468,1.4571074556832604,0.9274524673129226,-0.008303077557445816,-0.0946268492277872,1.6195814463318092,0.00893861482434854,1.6254273450443246,0.5723674063647023,-0.005693030484545717
323,2021-06-03,-0.38707142362551406,0.405303238460507,-1.1925022989228398,1.697194778890788,1.4066806826514369,0.4993658672842444,-0.5736671238357011,0.8318067236470038,0.5838506798216826,-0.0546059382904038,0.1766877779480804,1.394930060816871,0.6434183973550175,-1.0328875077556432,0.962816598424299,1.537170060724862,0.06083328835699154,-0.9677060709194526,-0.2690951024915199,1.1985566093490403,0.049269061821187836,1.3906217652927997,0.06403913863013601,0.02643707596827412
324,2021-06-04,-0.12523865886004676,0.7952455527603908,-0.19313514762645642,1.657007244172054,1.4427825249832613,0.388028657344898,-0.2734392565914553,1.2405887152295139,0.5317570945600084,-0.24065349961425175,0.21555138947735952,1.4957818024816527,0.25472516902304393,-0.6703830735031464,0.15610675904815943,1.4702028240233416,-0.21512949821085628,-0.7359989112349811,0.1555973561109873,1.2752333970903573,0.0880529383430834,1.3502342383181154,-0.016092627383330796,-0.0008557980838960206
325,2021-06-07,-0.5649215625937343,0.7663559054769329,-0.27235879956338305,1.6033104106710796,1.4610092397471384,0.5475621253020275,-0.5339302680156149,1.2271860269809072,0.5994400214682535,0.631046565435686,-0.026103146085901998,1.6055322272345027,0.2018644454640218,-0.8079916487052676,0.3169162781141771,1.3532945782745653,-0.02137318431629189,0.03145942384016165,0.07984140403594549,1.4491100196406466,0.15345805840485172,1.2566535282568903,-0.16953755852715693,0.02786165869181126
326,2021-06-08,-0.07677417168387822,1.1066241768012421,1.2953883797079795,1.5608394358771214,1.480248674831634,0.5441195707081237,-0.5626107847115783,1.5935933538375584,0.7136612372302952,1.2716072386668986,0.04912256679191615,1.6757648442951774,0.4908735575646986,-0.9796849686670553,0.7891292431182337,1.2780266784703749,0.7283380623028395,1.1721522328086407,0.6468632271430766,1.0898794932237719,0.19606587316175766,1.32119880828857,-0.026716243892739976,0.013234270907543538
327,2021-06-09,-0.3214575649164508,1.3309132472376954,1.2953883797079795,1.5387326366214151,1.5010965003813967,0.8294430900809181,-0.1962092326665933,1.603180216085503,0.8883999541194983,1.4097168986224884,-0.03336370048655702,1.691457145654782,0.5099954011271517,-1.1056345217066208,1.0044930305698538,1.256407476036735,1.1778836216252886,1.4376800200405622,0.7868969567363359,0.5840686201335936,0.21305751741766377,1.3853964473422022,0.08695693454890828,-0.018661126221662924
328,2021-06-10,-0.37313918079167974,0.4767526619122364,-0.8270680935983505,1.5223451279592037,1.50105448339679,0.5028105173809121,-0.05776949522072225,1.3027751346512113,0.7051521061914694,0.6327463736073076,-0.1958626338492398,1.7053314364910204,0.22625658029168172,-1.1315643979671832,0.871909940120211,1.2477590358687833,1.3651942713429754,1.208517031422302,0.18314497504736618,0.5032575042376798,0.2286870802714173,1.23576069607036,-0.18124400235856525,-0.027154829304352892
329,2021-06-11,-0.35157922959071825,-1.3549407416944634,-1.1925022989228398,1.4866893330840814,1.4632049105551155,0.5124260593405546,-0.07423260994348485,0.8755323521668839,0.32901691129358496,-0.37474893419245003,-0.21676361062471125,1.6607423362862843,-0.06803220623792633,-0.46764355246328854,-0.420377921319928,1.0888656799998948,0.3175267385883359,-0.6055391081198476,-0.5147280380075646,-0.0537017961203186,0.2660216210555402,0.9114464485634289,-0.6891824332200572,-0.00043020004965489206
330,2021-06-15,-0.503588560621324,-1.3549407416944634,-1.1925022989228398,1.4113832969062885,1.3989121662428512,0.2751083866746272,-0.4603200247683216,0.5787930030445227,-0.24224319725466675,-1.1575530042888047,-0.22928830858683247,1.5954853269737792,-0.32769706147425226,0.1614628468675955,-1.4617748675399527,0.7393101213315948,-0.46267190892436594,-1.3939083443237539,-0.5009542285393752,-0.24954351740769085,0.333920350961908,0.668286732579558,-0.9592317509948456,-0.021749443661320447
331,2021-06-16,-0.46711047230778385,-1.3549407416944634,-1.1925022989228398,1.292742598665676,1.3030751428985266,0.318452711085026,-0.47684775080287645,-0.7491390572439042,-0.49259444623359366,-0.9618942132722419,-0.14699423087488087,1.5138662229509545,-0.2541963199506151,-0.14492691061464089,-1.0347490720493973,0.3730803274150672,-1.3106817536766362,-1.8745024449574261,-0.888916528560044,-0.3617770327962285,0.41081812964714226,0.3507184502694708,-1.3002425848108556,-0.002201189530639485
332,2021-06-17,-0.5042371752783926,-1.3549407416944634,-1.1925022989228398,1.126542949079583,1.1881669908883967,0.061281814491747445,-0.718932765180381,-0.9327629949787909,-1.3100255173125797,-1.1343518428672732,-0.19445322207825042,1.4496617460467165,-0.4843904558138069,0.39253044574150164,-1.181033072441741,0.010403173546364008,-1.0946390874064402,-0.8694680760236815,-0.7282220847645007,-0.22508613663855048,0.5323074049575053,0.12533262828369887,-1.4182280935891993,0.02007048174049266
333,2021-06-18,-0.5725233263745787,-0.8281585237455106,-0.04012076839864359,0.9643255333880064,1.0775058734835161,-0.09287927404985313,-0.7669854679297502,-0.29222116764165285,-0.5590353926405969,-0.2929332778627969,-0.2114399977496634,1.4075604497160636,-0.11227342180653334,0.08599529255377132,-1.1298763719422302,-0.3146175745885391,-0.8069672699155408,-0.1786871285835479,-0.08085303975959779,0.00619996580140038,0.6363296410297294,0.10519025796558541,-1.167904076029761,0.08127139263725061
334,2021-06-21,0.05170341958827736,0.8742883407774642,1.2953883797079795,0.8882377130799712,1.0263474507197483,-0.19761418021033827,-0.48458778650440304,1.7093277658314543,1.2932647343998238,1.7271501260424051,0.3959909335351977,1.414641122280766,1.269729974415271,-0.36029066577437946,0.4331720734538326,-0.4033110827526429,0.4590551266344025,1.4767421291039124,1.64546441358681,0.5187554667160599,0.7108443850880719,0.6206335911314562,-0.0681128919272872,0.0015917233762546338
335,2021-06-22,-0.23853866715679622,0.9013614606390471,1.2953883797079795,0.8996680467282148,1.0099911429552557,0.12305775568420944,-0.06273799044788247,1.4343038459819013,1.6417867385056222,1.3498528099244902,0.24832707636632398,1.4245923377771017,1.199379871841658,-0.5601922456589061,0.6226438828664169,-0.34108688618054106,1.3632275212963658,2.1557589536356176,1.353918779843467,0.5422950767835476,0.8399282039548377,0.9114910512267074,0.4345214641011061,-0.024961038275350192
336,2021-06-23,-0.021538147487913106,-0.08913981356052132,0.3226190876505288,0.985846890991966,0.9935379526229864,0.13676851317146838,-0.2519858214734161,0.5742836422987719,1.043041368104636,0.7312720714547695,0.47847091766653205,1.3781852270490011,0.6421440736036604,-0.1194597602612834,-0.2242056980675598,-0.31019974826899094,1.546573228239859,1.5114849450160504,0.5389683863089263,0.04683932065298037,0.9216515780647355,0.8731379363258397,0.28371008801545106,-0.02351108502314932
337,2021-06-24,-0.5099968734331621,-0.9114748890062317,-0.3987650318196872,1.0823036039589442,0.9580063908325662,0.1464208299805983,-0.23892460490379816,0.028602763605490952,0.4016712616283962,0.1760437469609174,0.31431106367139294,1.2933128410369854,0.3126684798690808,-0.11821680134364157,-0.49007742598820786,-0.33024004186474804,0.7845729668087416,-0.07108819572550548,-0.20252169006193768,-0.28270304348681363,0.9466990935470218,0.6511856509995362,-0.14529922933928577,-0.05138116398911845
338,2021-06-25,-0.14365931512079605,-1.3549407416944634,-1.1925022989228398,1.0698162633149224,0.8768350388430446,0.09937353453544087,-0.3336958381050592,-1.1201990862750995,-0.687587031910711,-1.0081913279679637,0.4137677706794007,1.1830839924621956,-0.05421228442940738,1.3668791569770826,-0.946652172325862,-0.43029793103099023,-0.3781263899223079,-1.5424978554911715,-1.3572260504784843,-0.5661248829911568,0.9652104545043577,0.1555491029963786,-0.9481674665062892,-0.0035211303985789363
339,2021-06-28,-0.596029121546746,-1.3549407416944634,-1.1925022989228398,0.9439085077497511,0.7680532538125033,-0.12950062844271437,-0.4932798792030698,-1.196785876267141,-0.9224417382611062,-1.1875619099892465,0.1660386265417839,1.0959151721048754,-0.27272220001359243,1.1576901796417849,-0.8413534113061498,-0.550174056176757,-1.190134824479048,-1.9291630072521984,-1.3618173203012143,-0.36234144948238456,0.9550843977851453,-0.1770945653400247,-1.3167107122480435,-0.05389576820513224
340,2021-06-29,-0.09132908458849842,-1.3549407416944634,-1.1925022989228398,0.7215572678009007,0.6150058307128997,-0.5327854335705926,-0.7366062539818848,-1.4749124690534496,-1.4249891956691867,-1.1568591235292478,0.3496989059330503,0.9654011534798634,-0.5657759052139425,2.322919670884024,0.1614279612481673,-0.5481065968482174,-1.6899542735397046,-1.8341797121445382,-1.9701605718129134,-0.8165706754750853,0.8831715374150618,-0.7004868965179523,-1.9319133085005518,0.01981175142539583
341,2021-06-30,-0.3159054234519432,-1.0467074355386865,-0.6297169643327893,0.4548237221943126,0.45436583779214573,-0.2601167469286181,-0.7479970343609602,-1.1491688720546966,-1.2392403182151681,-0.9140694821390224,0.2532542888671754,0.880624452232239,-0.7596885846544487,1.7810894280433638,0.16142796124816763,-0.4839917951820555,-1.4909699540509496,-0.9876694406809389,-1.0450197025328576,-0.4655898074658772,0.8436697175049599,-0.872656373432137,-1.8341862529715496,-0.037652600219585636
342,2021-07-01,-0.45372306578588717,-1.3549407416944634,-1.034923973144442,0.19993904803540025,0.27604697800097744,-0.6638335709758677,-0.7344137780071898,-1.6724515009740537,-1.3080090322894267,-0.8870134142743964,0.18449076213098844,0.7665682130819342,-0.9316597525457398,1.5145908012699003,0.2797510566839735,-0.3790269136590598,-1.5638654885298342,-0.9684060428342482,-1.3159046220739161,-0.7658841473400366,0.7758765297269867,-1.1644528018655598,-1.9569215984376844,0.01877108141940951
343,2021-07-02,-0.6278112397431093,-1.0774541815990768,0.9254206952667625,-0.02994263170763167,0.10760699302902971,-0.9338276414163077,-0.6408190180955031,-1.2483885609873846,-1.1721790650910442,-0.8190390837298497,-0.004794729922175318,0.6498328005287696,-1.0602956877306677,1.4072170200023166,0.4336845604135027,-0.2430196057679477,-1.2608063238036022,-0.5744536354875439,-0.49177168889391565,-0.7766898632582447,0.7361536351998529,-1.1844656691263724,-1.5986413757079998,-0.014988570999430944
344,2021-07-05,-0.5275873029328635,-1.2472773290179107,0.32757598351655576,-0.21214003460908304,-0.05358868695267141,-0.8081027209105095,-0.6065150823652548,-1.4750356468174852,-1.0108311626819624,-0.8301403352231994,-0.2443408761880975,0.4243994956310253,-1.16245679907015,1.0767868741996682,0.4336845604135027,-0.10227696261890788,-1.308066475657099,-0.7411927146511459,-0.5583451013234978,-1.5393642343578005,0.679108622509432,-1.2364470607784626,-1.3657092761932161,-0.00662881215181736
345,2021-07-06,-0.40829409520479987,-1.322472203898657,0.0790981528015233,-0.3655322729661835,-0.2043655760586494,-1.08370225276228,-0.6245996371555863,-1.3329803094133608,-0.9667706439290045,-1.1542714573261674,-0.21358536991323104,0.19475606110020896,-1.2877943859117567,1.4626056536804934,0.8718169458836857,0.08281395014491919,-0.8781101111826543,-0.21470444187089444,-0.4251982764643334,-1.601157262779829,0.6225417220958339,-1.2561869415693085,-1.125213029092559,0.011806512586989044
346,2021-07-07,-0.5613930988592809,-1.127346923313618,1.2953883797079795,-0.48274961706326497,-0.3327681125794244,-1.1976320733739871,-0.35275907709703413,-1.1686077176851632,-0.7626784904156088,-0.5035438582450598,-0.31486346864103787,0.008649194365863125,-1.381391346100783,1.070790723549067,0.8718169458836851,0.2754220688131211,-0.5645904892040027,0.08651718272974632,-0.12217446816416605,-1.3207907005756407,0.5828805924397616,-1.1488029658658128,-0.7193077687204136,0.050353886145614604
347,2021-07-08,-0.05274948478605591,-0.36499278089516407,1.2953883797079795,-0.5387237372491566,-0.410165361799399,-0.8736423881321282,-0.2651623716466809,-0.44536831408109395,-0.2957876913688703,1.9513401866119748,-0.09796402208705897,-0.10387608855423291,-0.1532899644953817,0.5851049809668809,-1.421020406026933,0.17657674835546755,0.42115836680275726,1.227399323614773,0.9705477496455281,-0.7254057435846242,0.5804557790115669,-0.7366032169278592,0.11736351213318133,0.02251253760440996
348,2021-07-09,-0.11589860779825839,-0.06146058850202866,1.2953883797079795,-0.5272059009977916,-0.43748143016869007,-0.5342641118312335,0.47870248574395097,-0.11004822695556948,-0.01038018023928987,1.339875411959914,0.046182950948327604,-0.13420815886517845,-0.0037568325873555512,0.1921603762696347,-1.1222863271296744,-0.02647565719695011,1.2769863270730266,1.9423374535903142,1.1794505265797344,-0.08411907410507659,0.5811532978436532,-0.3198159780358659,0.7944053613644367,0.03600903401524602
349,2021-07-12,0.0792306256342703,0.8466516638542008,1.2953883797079795,-0.4308688597745874,-0.4094585539201619,-0.16119009247464913,0.8348879849987414,0.4422436812511746,0.5709318988777798,1.3083518640180587,0.10275536096104275,-0.13277288739936083,0.5041084717934511,-0.12028691743590293,-0.32897602278792176,-0.16939091845341658,1.9374456168229648,2.1404608229077073,1.643168778675445,0.2789026072802233,0.5798402169729742,0.17176706002749687,1.4616605893188859,-0.05495650545515991
350,2021-07-13,0.5179535796754963,0.11276062673532321,0.03565071915624702,-0.3009832728723838,-0.38213798765079865,-0.6508537720477755,-0.0008924846462140204,-0.09001770647520309,0.29213714662171414,0.4935852381805196,0.4165626302996435,-0.11822880321241096,0.04253738276832174,0.44465158998553145,-1.314981459973588,-0.39018104488042377,1.50067757685191,0.8569685180398185,0.09820648332686471,0.2689728864774695,0.5737996146732823,0.10929770577448909,1.0649174536118253,-0.06051341803539167
351,2021-07-14,0.01955807718395572,-0.9552519252098959,-1.1409742426779586,-0.22357571675786994,-0.39111559149088043,-0.7399166755671149,-0.14401505914037455,-1.037485353083698,-0.4312005840215203,-0.7189719787010572,0.45360818939943354,-0.1798497914781799,-0.26978479176308723,1.080477980473703,-0.8987053093305909,-0.5819230144914828,0.2007061024979212,-1.1551554096693464,-1.2768788285807127,-0.4531728825913877,0.5391940893619547,-0.2989809761362727,0.16672598995969826,-0.012363448019333432
352,2021-07-15,-0.2332200269688334,-1.143868794725865,-1.1925022989228398,-0.2300580403720175,-0.42772604978046536,-1.001251937543517,-0.37806376260099267,-1.207157004078563,-0.9880932597003519,-1.3327971727934365,0.31959738180725383,-0.20951206843840534,-0.49576493072575334,1.666575893016917,-0.2519879390040963,-0.664337847429577,-0.9702284458387048,-2.1505681791346523,-1.4811903356921892,-0.2320409836216198,0.49874753592035137,-0.6081248402053494,-0.38532733338563235,0.020834086902842053
353,2021-07-16,-0.08878651513278937,-0.7114777942684593,-0.720072908268086,-0.3096401052508945,-0.4662885196467653,-0.961177921589467,-0.3838992036704002,-0.7508273803759937,-0.44990889708364057,-0.5998976249283867,0.5690558296853303,-0.24175783403710996,0.17813641183850806,1.0453813779002517,-1.405256004119514,-0.8248637517611529,-1.3741365952147495,-1.7049345739908923,-0.8521863699782055,-0.21375385761726826,0.47340889181823936,-0.652125675393934,-0.38165446260745817,-0.028036999196899996
354,2021-07-19,-0.4341867923149798,-1.167195516932638,-1.1352226937231034,-0.4343898404981364,-0.5182890882802687,-0.9541393039617485,-0.5737115041146016,-1.362723921249892,-0.7680346469866004,-0.6997458454192648,0.3406220752456084,-0.2807015331429596,-0.07755671930393025,0.7044854564381956,-1.405256004119514,-1.012138088082744,-1.2347415100948116,-0.835471947309509,-1.10700184513971,-0.328786428183284,0.4698419933894425,-0.8159222248030106,-0.5799165978036113,0.03504146397771173
355,2021-07-20,0.041688809283137604,-0.4456662539029104,0.7828403987047557,-0.5371473249473333,-0.5543403216665891,-0.6836128436006536,-0.5789031053604393,-0.37606527540650264,-0.4684569008519416,-0.33249880075480137,0.7075620047254578,-0.2874951514144956,0.19627824028798907,0.21049707485279523,-0.9409368766303097,-1.1411574558557418,-0.6156168180073491,0.1894121013463707,0.07525013421321568,0.043890492488766766,0.5096263805143619,-0.6808114140190632,-0.23650258719936348,0.0023239610738233847
356,2021-07-21,-0.11512027020977603,-0.4323926369091808,1.2953883797079795,-0.577460991879792,-0.5757430632405656,-0.43647256814955476,-0.20376222510903108,-0.32897474912761293,-0.06549380582694998,1.0009350545077378,0.5227604340680734,-0.29878595361226146,-0.04971656298165326,-0.054841313231479456,-0.9091139206256568,-1.226042534888997,-0.0835969244582494,0.6545711123116716,0.30022235552697624,-0.04228643629979861,0.5458767295379247,-0.5598812042437061,0.014411884058147417,-0.027773025360095724
357,2021-07-22,-0.19207191312439909,-0.9452301687257479,-0.2377704687560164,-0.617267560550683,-0.6012440856622001,-0.4847090758319434,-0.1398515138068943,-0.8846429592185044,-0.5639425938379694,-0.2108824585231275,0.29938967529354527,-0.37667335182396244,-0.2775281589155479,0.20316989173037728,-1.4424034810804531,-1.3465047164996078,0.3143650054868205,0.7564597991872168,-0.3012339912506286,-0.7220394227373216,0.5618408715159429,-0.6280488570767883,-0.10245197096258923,0.04571691606165021
358,2021-07-23,0.2703903373655389,0.017674611494684862,1.2953883797079795,-0.608391139666259,-0.599856716883601,-0.1463629495346785,0.7503509411574181,0.03833135584772255,-0.07617414385452773,0.9966496735607421,0.4228110772684062,-0.43484968857176703,0.08550384091787493,-0.13017731003080033,-0.6861575819726818,-1.3830757782868053,0.6622747135521652,0.8777295811756765,0.5711072750680348,-0.5256611533315658,0.5671609477641609,-0.37769419803105436,0.3390245530935931,0.021205396431197326
359,2021-07-26,0.7062593869156628,0.38196318598820317,1.2953883797079795,-0.5262966909346721,-0.5679160767409297,0.10549476379351387,1.060343676549419,0.4809823028692793,0.5686999213802373,1.569070730582474,0.45860694697444354,-0.5187652269399031,0.5869197094727004,-0.39616783683792184,0.05085728135014125,-1.283995640246313,0.8160128752446416,0.790144508255341,0.878722353190932,-0.6514697600198914,0.5708215816875669,-0.08545236292844388,0.7625565187333339,-0.0607362351878326
360,2021-07-27,0.48853241883086285,-0.8296735882735149,-0.87567259690628,-0.46907269558136905,-0.553451919699194,-0.3830111340155743,0.29210268141346724,-0.7622075908933937,-0.37045142177916196,-0.23175113480077675,0.554380978071381,-0.598757689968135,0.18509074640539908,0.3419654217999033,-1.0781494790645387,-1.2614536644792205,0.44146734128519416,0.026130692052365293,-0.5881883551712416,-0.7000854502928053,0.5622325372822407,-0.2707847185823913,0.29928216612739383,-0.05109357399543457
361,2021-07-28,-0.00296182370946735,-1.3549407416944634,-1.1925022989228398,-0.46893371013536006,-0.5776167058853429,-0.6534209672841036,-0.22202820975150311,-1.2289029172315422,-1.509769425941015,-1.6915055423354242,0.6939414548227807,-0.6558814943076742,-0.17108728408652396,1.8034574294138888,-0.5573488492548918,-1.2163007169475624,-0.49929831280536036,-1.2686990204874702,-1.4628252564012698,-0.6207067323720243,0.5112716827612238,-0.6626969635117924,-0.4182943268799501,0.009935501501927171
362,2021-07-29,-0.3330029058122725,-1.1651726489254,-0.9024009058410336,-0.5325141857391178,-0.6170629191731074,-0.40221692268549264,-0.2574255549607613,-1.0683177124095247,-1.2772666095150185,-0.9765974830237455,0.33982457235740715,-0.6984612144602617,-0.3579449713432657,1.436956325275524,-0.5573488492548919,-1.1632975142324866,-1.2639526833740684,-1.8423674380366784,-1.0220633534192083,-0.4297918374353176,0.4835365405702454,-0.8200282031524614,-0.5983698109649604,0.025861407118033905
363,2021-07-30,-0.21072607066169308,-0.31059847017371833,-0.14209567141274415,-0.6736538011885972,-0.6474730612852957,-0.1785685829918392,0.10397277760302913,-0.5946107057996095,-0.8713709773711174,-0.4633670571843811,0.26213915583968705,-0.735395533513968,-0.0861196904126374,1.0082897227219076,-1.1598978806348361,-1.1840846690102933,-0.9311597381289727,-0.632546946353397,-0.411424466996144,-0.3861586197789591,0.4693204625811128,-0.7383205968356147,-0.3409574131584338,0.07737129023442907
364,2021-08-02,1.0227055058063095,1.4188121281737172,1.2953883797079795,-0.7443647080174486,-0.6232709083475843,0.38966416047108754,0.2658888341152197,1.1504418668724448,0.8171249553192748,0.7015989491399499,0.724501254907597,-0.6765494034154467,1.3541796549024596,0.4419280520305899,-0.28523871129473144,-1.1341758705650606,0.04217467680374326,0.9854385858730758,1.3125973514388989,0.5810871258173701,0.47374702072569075,-0.20363492161907454,0.6257625188202299,0.0393407375012215
365,2021-08-03,0.995826914417385,1.4188121281737172,1.2953883797079795,-0.6618098029124683,-0.5408582188288495,0.9023301382594359,0.32821062970554143,1.4497329899926577,1.5926675962569736,1.3145257813697921,0.8803906777908345,-0.62200908771438,1.5831281785162379,0.05484203476258998,0.18226826216360337,-0.9952687750270175,0.9930876254985551,1.8377635916837403,2.104591395859791,0.622743275750286,0.4680773424938872,0.3705246368832486,1.465436014481139,0.06673285421855195
366,2021-08-04,1.1071291895703632,1.4188121281737172,1.2953883797079795,-0.4526167855724182,-0.38243580184096193,1.6987038598952977,3.215973351280821,1.6038477829331363,2.0231947118361124,1.2950007899015652,1.231690722843286,-0.4959922530155962,2.216427525394639,-0.3163332573400898,0.810690060720635,-0.745670275864651,1.7975971584360528,2.213556316125334,3.0503929793421314,1.2687312140497309,0.4115713644624128,1.1376795741609314,2.461316236279419,0.04661113928063058
367,2021-08-05,1.1088415322650242,1.4188121281737172,1.2953883797079795,-0.155106158962256,-0.1541790719674477,2.0160435697974095,-0.8484322417744494,1.7286042461640825,1.9140784319948252,1.2148780737386666,1.2064166664325076,-0.2828065979594939,2.4539501479650374,-0.5586697418676877,1.128242510054904,-0.42125279132817595,1.9594148665260456,1.7123535769889815,3.0871231379239696,2.0684230163910695,0.31854833693382945,1.8727763902210377,3.2041778545393367,0.0061045592092686795
368,2021-08-06,0.663943766688505,1.4188121281737172,1.2953883797079795,0.13623270322981423,0.10598058039618659,2.694240061540282,-0.8484322417744494,1.593033200001501,1.5385154711004172,1.0025173030997172,0.9008637461424298,-0.11258340211352803,2.343353229188789,-0.7199244154734703,1.258445573806727,-0.06926975670626205,2.000865720005686,1.366187528756506,2.1390259195302646,1.6351599045872953,0.24816450301046722,2.2742043727157277,3.238060511609003,0.02886798400085205
369,2021-08-09,0.35276439881325583,1.4188121281737172,1.2953883797079795,0.39264273772425384,0.3879791786689527,2.927128081845713,-0.8484322417744494,1.3052369761933826,1.3704363822319676,1.0271385326859008,1.1641475083594284,0.0717054540974514,2.9402768588901247,-0.9364067989368492,1.6394529233494495,0.31450024764251006,1.8116048232874955,1.001292691116633,1.7900894130027987,1.7176366180210312,0.17047580518624236,2.623317707219597,3.177302644511016,0.019396765486552687
370,2021-08-10,0.37681503029736085,1.4188121281737172,1.2953883797079795,0.5963196998149006,0.6758835612981637,3.588790002431525,-0.8484322417744494,1.5141612341863728,1.1310563007545118,0.9738623867489673,1.0390878414724911,0.34421566307401646,2.2884835887293993,-1.0756602500145829,1.6394529233494488,0.6831599300683503,1.656553165654768,0.8348501045528094,1.4365616366526037,2.6190977371536546,0.10075221941959484,2.8597623238272263,2.9394659193377404,-0.027187567274320965
371,2021-08-11,0.26258101689443253,0.9770868548175486,-1.1925022989228398,0.7396228972396328,0.9233506775070057,3.122306568937332,2.7952123149120607,1.2224556664225763,0.8187971991673545,0.5723213767073386,0.8970792733803753,0.6366283030432497,1.7393494324766654,-0.9667730660524693,1.3462029789520595,0.9782596336871826,1.1976261887890374,0.3029312447335837,0.2520140223883133,2.9023207676182032,0.09903724198430784,2.6700318610390523,2.033422936088588,-0.010859496346640749
372,2021-08-12,0.19372408490002607,0.8087320487091694,-1.1925022989228398,0.8291696828625258,1.1166018682679268,2.3656853552668444,0.5660464171798032,1.1081386195962222,0.5739517731790307,-0.18408791704232474,0.7834724189066824,0.9044499585648079,1.2565177027515277,-0.35882531915675325,0.42451839367529676,1.0993579714246102,0.5004788330439085,-0.4667644932450741,-0.2323649439096814,2.6555728828255747,0.1259278549669999,2.3542584794882173,1.096895753567876,-0.05097628693522076
373,2021-08-13,0.2835442426108909,0.10627432646328903,-1.1925022989228398,0.8556398246184659,1.223021698390463,1.6517096696588052,-0.22080878487852068,0.587798958179719,0.29158034302289343,-1.3294602161299247,0.9443519428231291,1.0951496939897745,0.7412102330202087,0.5361678522228938,-0.7771328297955039,0.9752772012287514,-0.5679271665312804,-1.555674957831796,-1.2447399398216041,1.787078090649951,0.16617473733781724,1.6942043624539849,-0.23055563193831227,-0.039601134157108225
374,2021-08-16,0.40527624144953267,-0.3416918084201612,-1.1925022989228398,0.8131535131252254,1.23878857061383,1.0650192583511169,-0.5650469204853367,0.2014861792492863,0.009578116573388754,-1.4027463199052055,1.2073302326205007,1.1742809941385146,0.27098944529819874,1.274656238478804,-1.3324800493224833,0.6685206106990362,-1.2486173405863468,-1.8156895243304088,-1.820944302574195,0.5866620545947437,0.2302550564967722,0.9481629891618882,-1.4369348708461938,-0.009109793848897398
375,2021-08-17,0.4009175509540314,-0.5178728010649961,-1.1925022989228398,0.7135204535527637,1.1886246613593596,0.5717127884673994,-0.7360834874181502,0.014323092329995941,-0.22083650963327425,-1.0768459290211347,1.1197909389221723,1.201742521517823,-0.04363399624693263,1.1391450504167273,-1.1118205152504081,0.3205084402411294,-1.4916876736209144,-1.4370246174890393,-1.6005633510831643,0.12913095977709463,0.27494058229908663,0.3910080463896063,-2.0847979363684535,0.024246102465439692
376,2021-08-18,0.5181611363657582,-0.4736185442466344,-0.5902191493382504,0.5899441837599863,1.113238257061817,1.1673151315941876,-0.7245333578966451,0.26084256203458805,-0.16845029989540997,-0.5444189160026193,1.284740177625886,1.1810746124100506,0.2708568059483945,0.64888675187683,-1.2687605292544692,-0.03927903313051541,-1.1999381577216466,-0.6172336215504354,-0.647874862866729,-0.2542398183518172,0.3247720191419157,0.19425768476529445,-1.997778275413253,0.02446482554056574
377,2021-08-19,1.4985032736455786,-0.6224849887158235,0.15002853466528507,0.49136343898389107,1.0389630065882,1.9164909843119033,-0.44217153370857093,0.4007745175864132,0.0745465873207549,0.3930452357915533,1.9202295835796603,1.129883263462557,1.0541731904372507,0.11884719319789293,-0.18179461059257324,-0.24317016398721275,-0.7332671224270535,0.0507228550727693,0.1533017211996224,-0.44770741838971434,0.40110147813395625,0.2294579964621154,-1.5385945563706445,-0.02975692012233105
378,2021-08-20,0.566703457300775,-1.1620910122853205,-0.15822283187068617,0.3974345295883699,0.9465979980953251,1.6370184019763707,-0.46899658555980817,-0.3095845324245405,-0.6335194700805948,-0.5389946382970515,1.7740320888546353,1.0384086287077825,0.6303780301565542,0.3886335039202504,-0.7337495948381814,-0.4181780366182801,-0.550735600572977,0.00032683910342217533,-0.21399986461876222,-0.7520433012852199,0.44853245426160643,0.03371413300763192,-1.5591251280822713,0.05170137437689041
379,2021-08-23,0.48464073088845105,-0.40940138673280263,1.2953883797079795,0.35306102033032194,0.8787649338958478,1.730567070528556,-0.1762999594392826,0.16216265346965716,-0.22767901221575673,0.8810826947014954,1.6528780096163571,0.9537276122245438,0.8456508747270861,0.06828449866166017,-0.27186266849426205,-0.50784532752188,-0.16132363626182764,0.30117620730882483,0.9062699721273108,-0.5595336482332388,0.48893290961954444,0.2654795860850418,-0.857535091757629,-0.054562606657922716
380,2021-08-24,0.679847798079828,-1.329186278766374,-0.44987907596609533,0.30314474600769686,0.7910923012651583,1.3903868882139512,-0.21605902948099745,-1.0180300699809188,-0.8047324705249433,-0.3511342059483381,1.6188959980995867,0.7911591975296093,0.43370482982486697,0.13703036326568532,-0.6555231831868771,-0.5934314493610104,-0.48937435427444176,-0.42387466608614893,-0.3907637527938598,-1.1674768456305344,0.5763984822492868,0.014481587970565346,-1.1070785036185427,0.023463859619878756
381,2021-08-25,0.05826739991781196,-0.9962060335724358,-0.15528789685286623,0.227923548347482,0.7085691534361455,1.3928609236415885,0.2307592405721497,-0.596083224909953,-0.6273581382690856,-0.3188436012160781,1.2812002129751736,0.6814087727767575,0.15453887040708508,-0.09856390134718115,-0.6555231831868765,-0.6699487198946662,-0.3430730892064547,-0.2339022833374893,-0.002801452773191063,-0.7559978584858539,0.7365776797991925,0.016584070945834802,-0.881623517501532,-0.03003472515101773
382,2021-08-26,0.373130899045211,-1.3549407416944634,-1.1925022989228398,0.17647267183850734,0.6126746033822061,0.926742733763656,-0.2654897654903947,-1.1344291996556677,-0.47942044127285494,-0.1407070540918865,1.4054754299517742,0.556731524779402,0.5933681696217431,-0.3826890153055713,0.03930242614551287,-0.6508726377339745,-0.8115227369711681,-0.8483920737511151,-0.6295097835758099,-0.9142289162168961,0.904653201337953,-0.18980687907589872,-1.0514303925934971,-0.01829572862785926
383,2021-08-27,0.195566150526101,-1.3549407416944634,-1.1925022989228398,0.07618273148453568,0.5012794777290744,0.8434339760183731,-0.614914742997514,-1.4488840599909378,-0.8120279443274205,-1.1521732460317708,1.341248348661042,0.48276720190760514,0.23580024489637488,-0.07720282514480681,-0.6039198750182637,-0.6630097571176945,-0.9930353426700383,-0.9803866197143881,-0.8269343859531916,-0.6427188338222494,1.0580065101533942,-0.4310077969650954,-1.2457402593775302,-0.03545107518150097
384,2021-08-30,0.5469336825533229,-1.3549407416944634,-1.1925022989228398,-0.05958784813309037,0.36485229882305126,0.39950094774164896,-0.6141170940087252,-1.4797438142435093,-1.3508781924578683,-1.6175398730688857,1.3653961858770773,0.4426752856291007,-0.09134572169470394,0.5406049974489413,-1.5290217321842985,-0.8028788547286426,-1.3647918213505184,-1.2548687980732374,-1.3801823995921334,-0.6076008628953437,1.0864885835005291,-0.7894150102565533,-1.5980395794209035,-0.005668207894459842
385,2021-08-31,0.2815465094671195,-1.3549407416944634,-1.1925022989228398,-0.23020054294179296,0.21722375611390607,0.018438050566228173,-0.7685989324400647,-1.3241792572578344,-1.6166630296774398,-1.2127872363656322,1.2965967030265153,0.40851582474264203,-0.35569897529161837,0.5317452074462149,-1.224691847631553,-0.9593925035349946,-1.512910394863472,-1.2401774019198533,-1.0633847818237767,-0.5783672713546034,1.0662738809634693,-1.01126939061838,-1.6505345290157571,-0.021658305150910707
386,2021-09-01,-0.08183336600901359,-1.3549407416944634,-1.1925022989228398,-0.43756995456962994,0.05887662408533454,0.09450710378497278,-0.7589556320687786,-1.6333455375791852,-1.650651122999915,-1.0065543155139551,0.9772038588758931,0.3214426891497095,-0.5411673609073234,0.3019443288755423,-1.1876264706295918,-1.107102264840163,-1.5855770979946386,-1.1282485534634654,-1.221783590707955,-0.9601314477025364,0.9842948804843785,-1.2393964983867298,-1.7030657191970529,0.011992149045263752
387,2021-09-02,-0.3041525258658595,-1.0764368005040237,-0.3174938550794659,-0.632726215848913,-0.08996673775578504,0.3242634728554219,-0.7896543613080887,-1.3395552130824895,-1.3454824073777005,-0.8029619686242241,0.7132974166388822,0.21006562340226656,-0.7076693758077617,0.23511401178558428,-1.005310664390619,-1.2160325425871947,-1.4711859931877018,-0.8664249059167676,-0.5835970853485117,-1.060868376343828,0.9220318868637958,-1.2532235270118688,-1.3851673740609045,-0.018267382546661357
388,2021-09-03,-0.24505075831376535,-1.3549407416944634,-0.8597563692899323,-0.786447247263187,-0.2341452921857341,0.1316932864716229,-0.7832657118973589,-1.609126263516734,-1.1548336349690536,-0.8305964220821667,0.46021142826670564,0.10691744739217554,-0.8520374648111106,0.004720716514318692,-1.0053106643906193,-1.2962851019680726,-1.5888517479546254,-1.0576033857717186,-0.6639443072462834,-0.9681175719033632,0.8543550490818196,-1.3230830266325173,-1.2249568839878802,0.0013480118868947875
389,2021-09-06,-0.2879890486117091,-1.321157894193295,-0.15283065821310474,-0.9070840742043115,-0.3655686529391637,0.12274554368393091,-0.6815597748420792,-1.4083568836201488,-1.055575735833429,-1.0581801142938234,0.21997788644465438,-0.058043086412457943,-0.9779261031752149,0.14425687267339704,-0.6318986465554682,-1.309824819262803,-1.3097566398733673,-0.6444767396222844,-0.37469430841430545,-1.3668191282022137,0.815178087641146,-1.303279613388879,-0.9461969878526779,0.014709425008964033
390,2021-09-07,-0.3709857801302119,-0.9383023790205911,1.2953883797079795,-0.9884323473821659,-0.47230398039463684,-0.038656352578403795,-0.4805482506583976,-1.2030085529539918,-0.810343732369628,-0.5003001565311036,0.06135972065306728,-0.15621565467438103,-0.948454400523645,-0.08145699666955719,-0.9269524289586915,-1.3241979940683257,-0.7555840807590054,0.10504439869957312,0.029337435985917593,-0.8130529001229441,0.8235616692767607,-1.148024392525775,-0.4956937689548469,-0.007104825623744683
391,2021-09-08,-0.3449114709160527,-1.0852583751142144,0.7183362007667551,-1.0422030100809871,-0.5604015286430282,-0.34387547262921103,-0.3813131941366448,-1.1875883864759464,-0.7295297247553753,-0.29681372474924017,-0.09910347964625647,-0.2841461846609223,-1.0402971280952005,-0.2782966073907263,-0.9831093174186422,-1.344670290781773,-0.0900818159436588,0.7356215760342047,-0.06248796046867856,-1.0621563287362685,0.8210385742008263,-1.0518734474623515,-0.23455856655192983,-0.016172859245601183
392,2021-09-09,-0.2591905578378616,-1.3549407416944634,-0.8119216474128478,-1.0829910496580886,-0.6393638935866669,-0.6467011606053348,-0.3426907575797368,-1.339962508000048,-0.8299070289412033,-1.3640284342701878,-0.16872887147012128,-0.3982024238112253,-1.1589900688339527,-0.013269963575458933,-0.42565717354297594,-1.2986130418859982,0.09479737510432326,0.4942650492304017,-0.3792855782370353,-0.9501394759918251,0.8142231174719864,-1.050424893334203,-0.18470586061502028,-0.025689486115310783
393,2021-09-10,-0.16739861156950814,-1.3549407416944634,-1.1925022989228398,-1.114914943212881,-0.72031185135265,-0.9325325530150251,-0.6084210534036897,-1.6795797571436824,-0.8976025850521155,-1.3780187467610048,-0.15729184959710574,-0.5088140114435673,-1.2735506040588385,-0.10970927035142629,-0.26402585679266927,-1.2026642177756957,-0.6782698605636267,-1.0046792569707297,-0.767247878257704,-1.0100811571082136,0.7614930315109644,-1.1610313319953465,-0.3330233579598267,0.030659001650918942
394,2021-09-13,-0.21760138602662063,-0.4150210162868525,1.2953883797079795,-1.1421227388404886,-0.7789588668501958,-1.0227182261778696,-0.33956082148578404,-1.0895163032552764,-0.7714028081576028,-0.6809239178646135,-0.1775148163064906,-0.5571348174594254,-1.3720638169724075,-0.16226400807737493,-0.06947482878084114,-1.0653714604251603,-0.5600682300422465,-0.5823694660502612,-0.06478359538004345,-0.4580551213371115,0.7319596287460473,-0.9977667849383202,0.008297034297234303,-0.019568314956760632
395,2021-09-14,-0.41851626220020155,-0.6909127301170068,0.4093220331030314,-1.1677983448044749,-0.829127716009962,-1.1933310042735086,-0.5801476115097441,-1.4029934049695547,-0.8037482578396475,-0.6852585070738292,-0.2188696904235381,-0.6170334799662104,-1.3785908902598314,-0.37420305385232455,-0.2982625106133411,-0.9460885114853016,-0.6410198745937843,-0.42576323483473444,-0.4229026415529685,-0.5771715618528629,0.6913943908423825,-0.977297143551957,0.04152509657155812,0.02316705928153438
396,2021-09-15,-0.23711171491124522,0.5326491680841544,1.2953883797079795,-1.1690622814467075,-0.8559779340330522,-1.2542848631749965,-0.5546306039862264,-0.8666428207139888,-0.5061706183277553,0.5236614975532587,-0.10509066867819283,-0.631577564153162,-1.1330267154568394,-0.5940614476350234,-1.2280322613178147,-0.9590984407619697,0.2735355460106713,0.9077703298759625,0.16477989575644694,-0.1870269727460187,0.6756337932827018,-0.7866899069549289,0.3538586506581848,-0.05349361940904698
397,2021-09-16,-0.00036736508119280295,-1.1304212174754553,-0.3495115029962858,-1.1761670087398426,-0.8939215598338797,-1.2406442544704435,-0.5867991085482858,-1.5821903678399845,-1.403607446485445,-1.7701632840630823,0.019501216384138032,-0.6929114981257664,-1.269007392844696,-0.1745117435240398,-0.34660063666283625,-0.931069751813521,-0.49886700866543654,-0.5831213929462834,-0.8200474812190968,-0.751188643125813,0.6404449103416672,-0.958823249872636,-0.005507997532786575,-0.020579812220000812
398,2021-09-17,-0.45465707089206603,-1.3549407416944634,-0.7739899965807794,-1.2146648867385346,-0.9449340573461594,-1.2053724102483645,-0.5694711315299049,-1.375086067867518,-2.11325573524939,-1.678562048458158,-0.0696490311875486,-0.7462079118897941,-1.3658270039702423,0.4215326539806583,0.43555457347146426,-0.7890228712428329,-0.7253313938685652,-0.9771412095195439,-1.0381327977987627,-0.7704428435791753,0.5831795219580423,-1.1427784226497177,-0.3128564276650598,0.007227205632652101
399,2021-09-22,-0.6628364312248157,-0.9417934059800498,-0.7254978159264386,-1.270508888256932,-0.994552449997396,-1.0904737980239478,-0.3757683179023637,-0.8095971046407214,-1.726010901949969,-1.0445954808541447,0.014285858710598962,-0.7871609910477887,-1.4673892789653074,0.5075392043637957,0.7461546109793298,-0.5625276480240393,-1.249347340647545,-1.3291829686231216,-0.7603609735236093,-0.7214029217422673,0.5893682041078507,-1.1670072430765381,-0.2904700566554342,-0.007710881579203524
400,2021-09-23,-0.6867313951912243,-1.2171526592131778,-0.9662354260204518,-1.348344846101995,-1.0417494136808518,-1.0124205384665566,-0.6076850142670289,-0.938597528310925,-1.3425248484372425,-0.6972789052092252,-0.16613515340802829,-0.8621778463278544,-1.5342189105334492,0.24862008276288947,0.7461546109793301,-0.3114359416761134,-1.007700497957022,-0.6563475629092256,-0.6662399421576483,-0.9068799622446861,0.5588881122259376,-1.1785012526146774,-0.2511724697284953,-0.029955591159887537
401,2021-09-24,-0.5998948649028751,-1.3549407416944634,-1.1925022989228398,-1.4227809195405208,-1.0975482158655083,-0.9311352435945944,-0.5882830307113511,-1.610775637976686,-1.3766899408701283,-0.9224040326958095,-0.22655029393779477,-0.9655173918667191,-1.601655539036305,0.5454569146626658,1.1270997577380604,-0.021843653268062323,-1.1543287549197696,-0.7536449883526181,-1.033541527976033,-1.0916873077007103,0.5388067078134674,-1.3049887926054051,-0.41286942287091144,-0.02780062789876954
402,2021-09-27,-0.6223888212100155,-1.3549407416944634,-1.1925022989228398,-1.4844245873170323,-1.1666546016457966,-1.1508195467001325,-0.7802549500085335,-1.5581509561542755,-1.4930955348449628,-1.5196173576931653,-0.2706863229033518,-1.0751721318551817,-1.6621119990284468,1.0720299022833055,1.5356937124323957,0.31357145945704096,-1.4710413481893512,-1.2609394794089437,-1.1552101782783728,-1.1841190068226985,0.48202471426958254,-1.4789919416858837,-0.6220308509003496,-0.0191467686102117
403,2021-09-28,-0.6539633827161168,-1.3549407416944634,-1.1925022989228398,-1.5442116888779884,-1.2464378160968022,-1.477415487110249,-0.7576663745608192,-1.483127515894369,-1.3950446791787237,-1.2838972993458524,-0.22207347691066412,-1.1679863533113863,-1.7212274984165312,1.3117269452499807,1.770076905290077,0.6735630791301699,-1.665141575282652,-1.3519901665768979,-1.21948795579659,-1.1322417687381923,0.4110080040172118,-1.6247865758249218,-0.7419829613147615,-0.03942972140986833
404,2021-09-29,-0.3279696560734199,-1.3549407416944634,-1.1925022989228398,-1.6162788043229126,-1.3442841486987351,-1.4313204047137498,-0.7631436445082247,-1.3980298882675004,-1.519390868519793,-1.2878093238796837,-0.002751611411476086,-1.3268230621951989,-1.7823780175247965,2.008845155404472,2.087773454273344,1.0554433991656194,-1.5244536066942571,-0.9291210471173253,-1.6602498587786516,-1.670705058581316,0.29848150906383214,-1.8484177330357108,-0.9686733836014747,0.0383842430083155
405,2021-09-30,-0.5754550646245289,-0.2951650232364224,1.2953883797079795,-1.6751307096112356,-1.425009687001919,-1.5675019164118924,-0.7409122386114175,-0.8642036669612834,-1.1809319321832712,-0.7390840385886074,-0.12101996109009416,-1.4304496620272262,-1.820342460723335,1.5548811148778652,2.0877734542733437,1.4173175197911951,-1.0691355727475975,-0.23488082280918643,-0.4986585936280103,-1.228201150650507,0.24156016909551514,-1.7095616393808897,-0.5412177029011161,0.04249423571261722
406,2021-10-08,-0.523358335368776,0.7713539322003041,1.2953883797079795,-1.6855059002238637,-1.4643840114128979,-1.4129446348484367,-0.5803872750127338,-0.24882066184439755,-0.5603643209904927,0.47542333312362023,-0.11912472129308414,-1.5262301111794554,-0.8238015849411124,1.100119985208123,-0.13230764388802352,1.4687491840746507,0.017930676075477107,1.1176342004934954,0.6239068780294277,-1.0748313052503415,0.21747313843625443,-1.3276089230093688,0.2090347823633054,-0.0030120504699916095
407,2021-10-11,-0.6622656503265952,0.7209580676385752,1.2289358120114326,-1.647592102137444,-1.4732203166425133,-1.5823483231823265,-0.570699388250621,-0.293306180286581,-0.3939410948466027,0.8965039219901474,-0.26866753395271725,-1.574455232430926,-0.7929367736779768,0.7689548648184321,-0.41194996110836823,1.3234965517318633,0.9949736755510326,1.908923597979152,0.5871767194475892,-0.6599703687542611,0.2006238819941644,-1.0591723769807433,0.6185830177255781,-0.02649161544697634
408,2021-10-12,-0.7173200624185812,0.28719455174205105,0.6679866986855895,-1.5789287841133244,-1.472418195698051,-1.5244215252673823,-0.5545316289467679,-0.6788473401188473,-0.6078392326998256,0.2440375610905092,-0.33375269912308714,-1.6126334534216746,-0.9461190886029103,1.1533090473068084,0.09752630638667245,1.1518725826543936,1.2834246996068595,1.46442674026899,-0.002801452773191063,-0.7096435975041929,0.16800843292980566,-0.9970772198804922,0.5996651634531465,0.002577985444274297
409,2021-10-13,-0.7800540720502597,0.3564532209924305,0.7514565485218968,-1.5042118455565712,-1.460100729017214,-1.4116810970287168,-0.38542721654373796,-0.6417760747503596,-0.6402415135827368,-0.03313129234143338,-0.41519341546718,-1.6515771525275242,-1.0775365251870348,1.1376991493119608,0.3137137818967096,1.0071637066962726,0.8208120771878802,0.24851841245463996,0.0017898170495387487,-0.7485023627266729,0.14415488562215326,-0.9063755565793896,0.6325763500913484,0.009226103373292632
410,2021-10-14,-0.7481681755087656,1.2158406230113217,0.8134332843020659,-1.4404522755653395,-1.4321782307596522,-1.2321130965471354,0.3342812161328472,-0.3919088169582764,-0.40728379848173,0.11488044744898356,-0.49713032237548077,-1.6886071563456166,-0.9395123318454902,0.789084238916794,-0.15561437828317085,0.8307748124597942,0.3719221936103716,-0.3403134133132089,-0.023462166975475197,-0.6060669307548019,0.13957762499553922,-0.7667812856446654,0.7410218745451617,-0.008196767204178515
411,2021-10-15,-0.8020291366317451,1.014665817629106,-0.5104515704839601,-1.3964512607289503,-1.396466943262843,-1.1073753652725893,-0.22883776547295584,-0.14105001732114666,-0.4176828168814876,-0.5034689944492536,-0.6466015170672563,-1.712624032206966,-1.05514121408971,0.513982405835674,-0.15561437828317037,0.6526217369985596,0.07728811330692165,-0.3907754170683112,-0.2736863723142497,-0.419504832208692,0.13595218762944414,-0.6968536886426207,0.7107710625070217,0.04378057656000017
412,2021-10-18,-0.4883850330596351,1.4188121281737172,1.2953883797079795,-1.3169941675896326,-1.3295993681851925,-0.8514600914415329,-0.20584939835706864,0.7975531039899586,0.3080641590437423,1.1105158082709528,-0.4137074623271141,-1.6751156045669322,-0.24286445786973002,0.12022353359469619,-1.3156395921163224,0.3466698139761096,0.5712844303161131,0.6514165648218669,0.6721152111680907,0.22368575412378647,0.14740130394738626,-0.39012496560826465,1.0842848814021593,-0.014881226996651084
413,2021-10-19,-0.6658719478198969,1.1196845649119878,0.46706369038744006,-1.189496933978334,-1.2518095855012499,-1.069772512462339,-0.2029848649798512,0.6246863724673755,0.6970888311300509,1.2900237221060649,-0.4791572260304017,-1.6263163747291343,-0.23374892079906517,-0.12536696977587106,-1.0336166825305164,0.03487711517159889,0.7433555305406909,0.8212379271285396,0.30022235552697624,0.2634866077133439,0.1480289570389122,-0.2740658900653012,1.062860645467901,0.0024956339381471825
414,2021-10-20,-0.6708533083861841,1.1832969950386876,0.551161737735656,-1.0412529662528507,-1.1667561066607108,-0.8676086356810777,0.47092109095291435,0.8691427837681207,0.6813147917058866,0.6888062722476311,-0.5650857046590859,-1.5242207311273088,-0.4417925077565628,-0.09246728262774127,-1.3318744910017812,-0.29080967782124956,1.0426238652471205,0.9819905274549481,0.22217076854056952,0.6638521188106699,0.1713561967641067,-0.1825293894555376,1.004534869561562,-0.018109146789846594
415,2021-10-21,-0.6995739654011832,0.8090367887980326,-0.669050276431481,-0.8885089952265396,-1.0891472291890334,-1.0958719477245562,-0.1462884582385447,0.5578669872196791,0.44246943794809507,0.08980486075078715,-0.600259819895979,-1.461738579982053,-0.6382030624127871,-0.03884023183831259,-1.4005715530571348,-0.6053748495242417,0.2885553678329557,-0.32915453110375725,-0.2484343882892358,0.12825272535926313,0.1844939856269836,-0.22208271089857645,0.7377050301321064,0.012109128789749617
416,2021-10-22,-0.653937438129834,1.1411388893795154,0.161839099461313,-0.7657705562319114,-1.010776233600298,-1.165836958676836,-0.08540884254462969,0.8758623281752218,0.41717322413437224,-0.07599575819357268,-0.6829481970428302,-1.414374621610071,-0.7990582372575665,-0.18622024055260214,-1.3166203331191564,-0.8783507636746392,0.13370647907436203,-0.36589809273281604,-0.03723597644366462,-0.14754884903705287,0.23857324237823546,-0.17486670321537826,0.6699728035177126,0.005501389218885958
417,2021-10-25,-0.6086122458938776,1.2952157825989734,0.33805107492925185,-0.684851138404006,-0.9305822774115995,-0.9620806946717285,0.48158697221622404,1.0216101927798438,0.3217695977676698,-0.7467763308507949,-0.7155302310942582,-1.3485435037112385,-0.9517871211764836,-0.17415896556648106,-1.0287725081482473,-1.0727266382120473,-0.015389335657721895,-0.20273854325994825,-0.028053436798205003,-0.07111666521769752,0.254637831944849,-0.11287297064875018,0.6406066465941563,0.06047791896280124
418,2021-10-26,-0.08499860553550853,1.4188121281737172,1.2953883797079795,-0.5437205450509514,-0.815220330303948,-0.5402954816814957,0.8232102250267537,1.7662311324317275,1.8023510654265744,1.8749343304937727,-0.4101052651331202,-1.2084610086474412,0.456484275179659,-0.49160632192708764,0.07286652258099999,-1.076810196843407,0.849365740526228,1.2011425530404407,1.2069981455161134,0.7481169490697276,0.23619579762683726,0.2674229389046841,1.1517116060906694,-0.0417026638858488
419,2021-10-27,0.472109495713885,0.35977099596824275,-0.4204034085176984,-0.39133109793658655,-0.7082809811743547,-0.6944182575995324,-0.2523436304078794,0.5032184102988958,0.8136340560672713,0.3973177647787342,-0.09023579011558934,-1.0967012038424477,-0.0053198419877549695,-0.45358703206261186,-0.3762368530388959,-1.0382316577932724,0.8412297407502989,0.8874809438169944,0.13723227682006808,0.3221038110577205,0.24276359847739432,0.24299470188454908,0.8808494443048599,-0.014793169177830577
420,2021-10-28,-0.13743261441293714,0.03227934982240312,-0.8816902104447873,-0.2551458667289061,-0.6199893613200927,-1.053284769858043,-0.5139284523960642,0.06943845868423158,0.3025439774584692,-0.12397136974502788,-0.19100730405338467,-0.9999639070463423,-0.25952263741095666,-0.6416431307649234,-0.3762368530388959,-0.9810360108689175,0.6423019385366207,0.23292982292757497,-0.2162954995301271,0.09879149207475822,0.24837758945885682,0.1310745304718132,0.5172144331105915,0.010378150968713909
421,2021-10-29,-0.4141056825321348,0.290697326926922,-0.8114985699009558,-0.11321036017522969,-0.5408689978783914,-0.8054279493482496,-0.3372719067306288,0.3730844248144969,0.49071252947806676,0.06375472261126688,-0.30099709941141684,-0.8946149814553309,-0.3986867047089223,-0.8015222221670014,-0.2812906679300882,-0.9074340844727561,-0.07041164183467394,-0.7312499202600188,-0.09921811905051703,0.2710153516878666,0.24730089535638583,0.11081589521330105,0.38025467493692117,0.008810629682154906
422,2021-11-01,-0.5753512862793979,0.49230354684070693,-0.4778898071675281,-0.0291727502686713,-0.4656806140938622,-0.8943817214274322,-0.3192633385854751,0.6333523957832945,0.7858171248975832,0.4394700437874912,-0.4393419371969234,-0.8267744835043535,-0.34815416385127096,-0.9336027623226087,0.00916754232931195,-0.7960543610307124,-0.09158407458490107,-0.37821803300076057,-0.005097087684555969,-0.05058545628734203,0.25133441628031794,0.13863453726945504,0.3514340722468115,0.030239885189718176
423,2021-11-02,-0.37557797190225783,1.2403858107320143,0.5060063591069873,0.09966757645570747,-0.378000265119759,-0.4929733148064726,-0.26586189947033134,1.4150640694255012,1.5298054476411833,1.2066635142402784,-0.377978385636805,-0.7330990991686601,0.3232802093132606,-1.0841292744872386,0.8533560751239208,-0.571560573880106,0.5957821354785623,0.9451881949058266,0.4907600531702633,0.3664960792448157,0.2562770357484176,0.31748370231788386,0.5820378035804801,-0.021023230084794103
424,2021-11-03,-0.6450384450348523,0.6340504478031237,-0.2559680428240723,0.2605274911457682,-0.30043472344692645,-0.4389605325771768,-0.5242056508523275,0.7227136711009106,0.9837862373050074,0.796074299184143,-0.48414263234420885,-0.6680334593849285,0.0487005186369283,-1.1890423666786267,0.8533560751239208,-0.3076815531762007,0.7677225295597542,0.9180418401080154,0.10968465788368924,0.14674979186910456,0.3169730934538349,0.2868217295197198,0.4146406593802415,0.006737272837317658
425,2021-11-04,-0.6272145142586062,0.6585842637697616,0.11136337295489437,0.42586511372195807,-0.22934559525017933,-0.42780475347829905,0.031756541756589055,0.942469460402394,0.8209565872459936,0.5558471145993727,-0.6278191981257243,-0.5824912800222047,-0.1745289096936157,-1.2743352357054178,0.8533560751239211,-0.0452491701046053,0.9716420342000586,0.8566746737274878,0.18773624487009594,0.3790547385709905,0.3435174821475183,0.2896653976519131,0.3369966552075985,0.0175901849410266
426,2021-11-05,-0.380455554123414,1.2451159712420314,0.954131689659526,0.5909235904991967,-0.15559001579203868,-0.12779877741328452,3.1119639678051696,1.1316995936521217,1.1541091630278255,1.113536144734103,-0.5329562778381031,-0.4886245261577328,0.4029019329139381,-1.3796239852970926,1.4408090721410964,0.26665021920756055,0.7903024662002154,0.4307168540527803,0.39434338689293724,0.43108233867678675,0.33805267768485187,0.3756013844477804,0.41443744938352367,0.018674679025225266
427,2021-11-08,-0.5593175319566612,1.4188121281737172,1.2953883797079795,0.7299315819836587,-0.07319835093158131,0.18112331360386497,2.8922625258318204,1.3161798769516573,1.3699918236113453,1.5202378273352186,-0.5493797776896515,-0.378874101404881,0.5458355355118865,-1.4593774038853669,1.6617802652567086,0.6052697178490811,1.0410536760621714,0.7911300113283344,0.5940636241816839,0.5572991269305464,0.3274078179339744,0.5161936390810166,0.5681868970061813,0.03231225364100419
428,2021-11-09,-0.2566479883821526,1.4188121281737172,1.2953883797079795,0.8773822878990202,0.029669577757654983,0.6406596449983507,3.374451647361321,1.7779992843090693,1.4079057992299677,1.3493099335617862,-0.37789090540759607,-0.3088328538729815,0.6400977718979867,-1.547097989951976,1.8710862070204424,0.9554001887702402,1.5113370582541477,1.4556767777909982,1.0233473526069208,0.28944486862831575,0.317029897322691,0.7685081198969422,0.8788272258778713,-0.015343261285396726
429,2021-11-10,-0.5405336514879535,0.892633380154104,0.16002352899206831,1.0279181837862095,0.12742398571700408,0.5780566824096407,0.5805929850293108,1.3454994128996427,1.2830875822598078,0.9533394724707421,-0.4924648150773549,-0.1977428424187031,0.358025371691355,-1.5998847326572545,1.8816102168088662,1.2841047178866685,1.606498431125039,1.2921430304274577,0.5022382277270878,0.5398943270246681,0.33085150627047405,0.7897998175365012,0.7393299175352294,-0.017894489876550304
430,2021-11-11,-0.540585540660519,0.24972175116527978,-1.1925022989228398,1.1397837709991456,0.20305357692426046,0.6977097877993182,0.4174633614863841,0.8768674858621495,0.839180480750981,0.42006174127625695,-0.5547513586053632,-0.10033575227188433,0.064170623902056,-1.2601975442449995,1.0044208624352693,1.4680889316124586,1.2903799993947098,0.5874350350886216,-0.07396613502550309,0.5100838283870494,0.35349931053708317,0.656838058893349,0.36865884595021725,0.05406722127027579
431,2021-11-12,-0.11960868363669099,1.4188121281737172,0.6206392214239259,1.2320515012990934,0.29413755686583776,0.8740012286996734,0.7137683787474202,1.3918476254637933,1.2881197628697476,1.4549265480731293,-0.205952664893385,0.03850284085486889,0.9636888322740473,-1.401549994420718,1.7124430529679762,1.6495462692072336,1.0273331404545483,0.2925004731661458,0.8419921946090936,0.9386750275169836,0.35820463403045966,0.8717818718404685,0.6564396472192587,0.014369940282952607
432,2021-11-15,0.015277220447302717,1.4188121281737172,0.9600721331516847,1.3184585939046127,0.3962838593618979,1.0823100849621825,0.9447696784296374,1.158029435111006,1.4734151072205692,1.5784465571399007,-0.1409139662948936,0.174279521521215,1.4066237207513428,-1.4921514630442139,1.9914142735447364,1.8489164986751354,0.9251914821055697,0.3859367226095173,0.8419921946090936,0.9945672726077683,0.3361866305125121,1.0493719942725153,0.8239276643864841,-0.01964699738379642
433,2021-11-16,-0.3577799857122944,0.7539341223756284,-0.3761767406559336,1.3836316558651045,0.4828440597246767,0.8919973696128075,0.055868527071298045,0.7837777584792628,0.9684976358979103,0.6781409648719057,0.003430828665548253,0.25848211418251227,0.8412408412661859,-0.7216526462735452,0.6281999879719156,1.8749341330305511,0.8290694031671505,0.3980599179660932,0.19232751469282575,0.5039578939804337,0.34800163931650135,0.9830404671555252,0.5482444805417723,0.026969881712103586
434,2021-11-17,-0.4199172698594698,1.2750321038564607,0.7031494477330135,1.4502684787705586,0.5696551363160103,1.2891923613962715,-0.00020143507765943647,1.283701796147447,0.9503381814712903,0.6810938274834921,-0.06152492407113812,0.3795233411331282,0.45681865896381657,-0.8899059363661215,0.6281999879719162,1.8103826772791543,0.7501651483849224,0.3652236813881416,0.6560457667885363,0.9754927580571547,0.3513168534011603,1.0651312590681223,0.5769775915455936,-0.018627352536965104
435,2021-11-18,-0.4033386792247955,0.5101411319601523,-0.6759036910141355,1.4793842525146377,0.6353338422005702,0.8412513191309703,-0.06895968610567536,0.8447816665259751,0.6897535861319574,0.2336176379750757,-0.14286211046828431,0.47616495316484436,0.13388756429298831,-0.9189826162043704,0.43857860904953616,1.6817714757471671,0.5113564846322363,0.08668716570840602,0.07065886439048587,0.7234657827438115,0.38937253735651206,0.9458630025537149,0.261775625463308,0.0017474884307142413
436,2021-11-19,-0.5751956187617014,0.48683025058055107,-1.0897742436511084,1.4594024684195925,0.6818920440205101,0.9008369650391764,0.4026609265604802,0.8059476464641719,0.5517620028170211,-0.3633955556113327,-0.3296182798754449,0.5519472865600127,-0.10393153751146293,-1.0349212017964506,0.43857860904953644,1.5309756040440203,0.33226524368444127,-0.04360476338464402,-0.11069629360734155,0.5692628898529531,0.4258690924822137,0.838807769482983,0.030126185328342953,0.027976862317981698
437,2021-11-22,-0.33497469436976113,1.261142115459949,0.4233218110526716,1.442642224013332,0.7291167911102622,1.2508279062316807,0.30951900377708796,1.4458023311078823,0.8494827306664027,1.1708900821754094,-0.3405524612787018,0.6360541944569224,0.5576824485816361,-1.163075987822329,1.127492946312766,1.4651702087443648,0.4818028775955346,0.353156315320136,0.4104128312724916,0.659508291227959,0.4540759544847772,0.9108382730122268,0.14558640460821998,-0.0175555782511429
438,2021-11-23,-0.2828520205277255,0.3673229022543499,-1.1925022989228398,1.421280337758265,0.7582348330590437,0.6837380655051953,-0.39267147291227994,0.9315499180768521,0.7262394506967825,0.9490188677307033,-0.2863585545274572,0.6665776342966431,0.4943034254960827,-1.283558309658739,1.3055524404036336,1.4698099628323686,0.32253294198195515,0.13064408954669,-0.0005058178618261573,0.1853805249037667,0.4589995915583304,0.7977470928244885,-0.07296274238815584,-0.013481395744433581
439,2021-11-24,-0.37931399232697316,-0.7726456460964395,-1.1925022989228398,1.3923744564573541,0.7621408441611787,0.553308039552551,-0.3875828728752119,0.5762098115665882,0.42927923412602287,-0.10226056717105028,-0.2765720967925161,0.7017896275913655,0.1415981854648561,-0.9883140866871873,0.5603558989128182,1.4191505570100438,0.15085235502805727,-0.1185323606292413,-0.3356685149211021,0.20266092992736565,0.49728571657687126,0.6051170272439299,-0.38138996161884814,-0.027520600576325598
440,2021-11-25,-0.17424798234815295,-1.3549407416944634,-1.1925022989228398,1.3236653175600106,0.729694608734132,0.14792768661420383,-0.6377026883932937,-0.39397294032946095,-0.3647752175833084,-1.398155038206922,-0.2309781794802513,0.7350879255983339,-0.17711354839847687,0.12041586405548159,-1.2390181188850946,1.1250150988973162,-0.8718908619702449,-1.4878761772831155,-0.7787260528145287,0.11366460262034589,0.5551554565872274,0.2880131671096688,-0.83718914258154,0.0
441,2021-11-26,-0.5410265986273257,-1.3549407416944634,-1.1925022989228398,1.1925390001263068,0.674397505038913,0.23297521503362945,-0.5542145445290859,-0.39397294032946095,-0.663442350417679,-1.111680446617139,-0.33297379975291125,0.7094444087423951,-0.4055037142112289,0.0016302753858784813,-1.3906923456610822,0.7121745859016998,-1.2654534039541814,-1.5650317986639424,-0.6731268468917431,-0.37059213481460035,0.6099161796619853,0.07935271884673949,-1.0196945818244458,0.027082676330220226
442,2021-11-29,-0.2753799796782948,-0.3751362000516355,-0.00987313382379021,1.0389615265727152,0.6230123823282333,0.3352127734308531,-0.4871074743747895,0.11915722636246998,-0.25658633662542907,-0.36282667828269904,-0.09147186968527374,0.6879153367551306,0.13488387107126093,-0.342838605540708,-0.38502106328964236,0.39509302566540816,-0.9319493427755168,-0.4760272075103766,-0.04412288117775933,-0.2590726725105189,0.665165033751609,0.11240539426389103,-0.7597346199114903,0.04161012013572503
443,2021-11-30,0.503191110080614,0.9178579458453814,1.2953883797079795,0.9457208250711809,0.6012412247348334,0.6354791081574789,-0.29950267960110516,0.8646542956661321,1.2145437644650674,1.1628842523654037,0.24020042849130824,0.7196826785318922,1.3254240062538536,-0.6550526007427362,0.7976809392017596,0.29695912690482923,-0.10712621653552397,0.7661418045609288,0.8902005277477566,0.298620746261116,0.6855061440380518,0.3886520545965064,-0.14331518699538576,-0.003367006547904407
444,2021-12-01,-0.46220694550034497,0.752853271281062,1.1103422017100506,0.9301702226992477,0.5933416609764682,0.20591148466388726,-0.2548921503136942,0.7493666982788945,1.0602698262778503,0.9520039244724243,-0.03156041562428445,0.7251367101019999,0.9756386038841613,-0.7933894056550085,0.797680939201759,0.31854414920415136,0.6315750630604521,1.3676924451159966,0.711141004661294,0.01815941564396725,0.7389549821229389,0.5122849208982099,0.09350099549120791,0.03561453000836398
445,2021-12-02,0.39209639161789794,1.4188121281737172,1.2953883797079795,1.0057994262358578,0.6148825622923213,1.213781751524202,0.44386846274038655,1.3327321969386845,1.6025001540866044,1.068680756543799,0.1412666707011147,0.7799640800962327,1.6569599045990593,-0.9929064277708722,1.3509205060512248,0.46690470616947954,1.1847126802129606,1.5246874806876467,1.264389018300236,0.5256923171889519,0.7738556026659816,0.7955862421965686,0.5511218162845983,-0.03392960964344441
446,2021-12-03,0.31906238123196945,-0.01669318377885074,-0.015899757447389026,1.0945096144030992,0.6269794473699684,0.9786222960887009,0.13759759315899966,0.4397780923752532,0.5099299509995763,0.249328063476815,0.401214760050878,0.8063730750672742,0.9895562777218383,-0.16836115738606153,0.06497899842173771,0.5110407566911481,1.047668685739931,0.7779827671441376,0.19691878451555556,0.18877754376013928,0.8234629750067349,0.7030073358277724,0.2859165552268051,-0.02903705285454552
447,2021-12-06,-0.12788500666088679,-1.0429720207969377,-1.1925022989228398,1.1233821349707431,0.6110194334341879,0.4588951586586977,-0.13956279250612647,-0.3007204333602813,0.3058001397689546,-0.17878394641186676,0.495878978157758,0.7645588330297876,0.7208333010737517,-0.4585355939960753,0.21939050076723596,0.5172254887332072,0.2575789003822024,-0.5630174048596349,-0.6042577995507958,-0.3252892920395523,0.8631571354069845,0.4256450024468193,-0.2365968639372061,-0.014840953317508818
448,2021-12-07,-0.22094823765709481,-1.3549407416944634,-1.1925022989228398,1.0747590426985838,0.5672226210596774,0.10884734924424683,-0.40722010335261116,-0.6709696962280466,-0.42493821409949945,-1.6639361125899639,0.31984534514786067,0.7252323948663891,0.3789751189060797,-0.044877659369231306,-0.5133550897164875,0.4141987642131743,-0.8454578724337207,-1.79951940586229,-0.9210554173191526,-0.3014716409977152,0.8729458163850911,0.14187326809705836,-0.6653723770487767,0.11219725014953162
449,2021-12-08,1.40458387130204,1.1280534891725695,0.891516939263914,1.0418482715522919,0.5797783224933267,0.5226009929109555,-0.26967336928238944,1.0870456375744222,1.501367385902593,1.315067972657918,1.3916865581761284,0.805511912187784,2.479569133156861,-0.5708081848350675,1.1483034336237217,0.4664682616152672,-0.6455669237370315,-0.7066474860426534,1.4204921922730493,0.8750948704142234,0.847683073703266,0.6989560941581396,0.40384722248428273,-0.0035440084347292105
450,2021-12-09,0.44600924191344304,1.0102119590611591,0.7921292704239083,1.0650034856766708,0.6196805582346626,0.2024362873295845,-0.3889061440614446,1.018268684719729,1.6718730925049914,1.1918708147979522,1.3344133346987825,0.9104780987212447,1.796174974831508,-0.7857710151854153,1.148303433623722,0.5937036275570492,0.21389179190676844,0.941990135014084,1.0600775111887593,1.1168436475186305,0.8664563830291676,0.9759476860150622,0.788801421365743,-0.007125920889967661
451,2021-12-10,-0.284019526910449,0.7645215194770681,0.910080517693824,1.1251798071522126,0.6652213828198914,-0.04093145782802982,-0.5979111710978164,0.8807147790103426,1.2013504808807063,0.7888288147965716,0.986476746922423,1.0027182115911202,1.358132867258359,-0.9235579279200807,1.1483034336237217,0.7488003251258744,1.0645941374604455,1.750495046313023,0.7937838614704306,1.0443888045162955,0.8598729906883857,1.0468387874291336,0.7506129340131804,-0.0027849630094863333
452,2021-12-13,-0.410421551279985,0.6647870195676605,0.7936591870726544,1.2422967423623237,0.7058318853230939,-0.2735364293175963,-0.5563112836375188,0.8272215934566921,0.8533948403998195,0.4908306570948247,0.7962452293247265,1.0578326358785144,0.927633968103461,-0.6495119576316214,0.5843539611329528,0.8366886790846115,0.9407154907402374,0.8468854192694123,0.5091251324611824,0.7462561852018469,0.8552959970535791,1.0201620521862476,0.556194087625671,-0.0019940186068643953
453,2021-12-14,-0.407360090098621,0.5892906749147607,0.6976040006859471,1.3009547626356228,0.7359283744464233,-0.45190950361879295,-0.5364647530701312,0.7890121752040843,0.6231278477429487,0.26398547597103383,0.45104017616676073,1.0610859178677017,0.6229382664608812,-0.7863037889082355,0.5843539611329528,0.8831125023068761,0.8250298246658053,0.3698508767497655,0.15100608628825749,0.3266900970456807,0.8683633251545675,0.9411637102117905,0.3127833303518138,-0.006006024060211922
454,2021-12-15,-0.5015908274775526,0.3523723008912283,-1.1925022989228398,1.3028038063091258,0.7501751477504695,-0.649317915532095,-0.5136229790589585,0.6743839204462603,0.4826438600616145,-0.6177663298478899,0.22103305168121162,1.055344832004433,0.32842495396442584,-0.8026030470468194,0.40620567650397577,0.882869634197422,0.12727961572968832,-0.5585542069102212,-0.3173034356301829,0.3018793931753267,0.8730970549629617,0.806638068069466,0.024794987786737034,0.021454935001259466
455,2021-12-16,-0.47380417556873217,0.8840961649012578,0.9539977824567011,1.2860609036395978,0.7645187141858608,-0.49518295455227207,-0.7753763089433252,1.0870456375744222,0.6260321217929484,0.3812177383276737,0.07059601975882518,1.0360165095980887,0.34506108376224914,-0.9400147116316264,0.63010008724059,0.8861364990361024,0.15624834459145365,-0.17294429952559304,0.17625807031327145,0.16987044382510127,0.8837201084646545,0.8333651437139463,0.0652330045752114,-0.0214549350012596
456,2021-12-17,-0.6028525477391081,0.0202617742972459,-1.1925022989228398,1.254302380364723,0.7601803951728723,-0.48550367717203274,-0.7478536202912657,0.4477083109497893,0.40306102855654197,-0.3477463040535149,-0.08332227344513694,1.0431928669271768,0.07522799644235126,-1.0444410688462558,0.6059970817218442,0.8879884818725048,-0.36089668002677483,-0.6539842876087693,-0.2484343882892358,0.2860728396369101,0.9058101375364535,0.6607083357977824,-0.23728768928798988,-0.00402415029972538
457,2021-12-20,-0.5937459979538645,-0.13620085035582213,-1.1925022989228398,1.2132208728352043,0.7388076010860707,-0.6922584626223258,-0.7352637598172614,0.355763747766736,0.29031841870604497,-0.5825082644412113,-0.14771173959271244,1.078500544986287,-0.18573208667844526,-0.9811570502692504,0.2643601493928145,0.8473116159511934,-0.3286410017904583,-0.4006258455692737,-0.28516454687107423,0.5234827124556941,0.9150396803053038,0.4955920401096476,-0.46663973191009034,0.010030174359937251
458,2021-12-21,-0.6221553199334707,0.15129940940744924,-0.35306934365833786,1.1676090553763185,0.7116585970047165,-0.7980062559905688,-0.5935969620867264,0.5856251557243742,0.23167593386051927,-0.5231071785690888,-0.3628705673827843,1.1346675016819516,-0.3710875843999532,-1.0804970040259874,0.2643601493928145,0.7882569182899306,-0.64533387440003,-0.663453349975092,-0.046418516089124236,0.7655088180672578,0.934848804247298,0.4381098757464792,-0.4693466710036263,0.013875346493617019
459,2021-12-22,-0.24292330223858022,0.7666695450238675,0.7041564722404274,1.1213137304611231,0.6884354675536358,-0.5813151130387822,-0.16623069077116845,0.9074311268650657,0.4279869513980712,0.872173378343336,-0.20350703641256304,1.0755343172902658,0.03787186481113102,-1.2172471919267542,0.9004001014606204,0.8021989128214025,-0.034275972421716185,0.35792809141702037,0.21987513362920463,-0.15712869244818786,0.9659524582754451,0.47558480141914933,-0.3120289916489154,-0.014674068580807935
460,2021-12-23,-0.5565674058106902,0.04323012761847259,-1.0058776047731735,1.0832963477191981,0.6563468017886458,-0.7429965067617306,-0.13600982095940373,0.5672362430877635,0.39067380494968595,0.5133728488835175,-0.3361733860483006,1.0082679279256155,-0.1940032655724041,-1.303256194305143,0.9004001014606196,0.8522459956527209,0.262991043881107,0.6724050165370961,-0.13824391254372037,-0.2559699972601609,1.035368964424132,0.3716911248515816,-0.42360758105898605,-0.004404411524430413
461,2021-12-24,-0.27340819112080617,-0.17036214922836737,-1.1925022989228398,1.0283246372931834,0.6151720729085883,-0.7598586088196658,-0.5411000595725366,0.46609722358640343,-0.20221041936098363,-1.15372418653279,-0.31642396200918915,0.9438720814926008,-0.43975252102856904,-0.5141493081069795,-0.7828858764936788,0.7113855224548596,0.1732017934268205,0.15707034743221654,-0.16120026165736942,-0.2319029511156073,1.1183763531845612,0.25810133615975045,-0.5291553585960639,-0.014551590640310797
462,2021-12-27,-0.6314434818226936,-1.3549407416944634,-1.1925022989228398,0.9453111995039496,0.5592712582874128,-0.8738973063836615,-0.5365639430919974,0.11297109910474099,-1.3265980042655952,-1.338846350551752,-0.3425852573604675,0.8773711702430532,-0.6442170712573205,-0.6822991074704226,-0.8072597351276947,0.4816501447433435,-0.6277940171218053,-1.1120853854644408,-0.43897208593252285,-0.33548946470113933,1.1758127461597432,0.07520220357331911,-0.730000665899219,0.03873512797445081
463,2021-12-28,-0.2783376625145278,0.42606254523579024,1.1473177077769035,0.8869284045906425,0.5199136937390604,-0.8647335687317345,-0.20349775125129835,0.44415701300674093,0.8619869414495567,1.055763166680888,-0.048808034272238,0.8475175237540458,0.12975501788606736,-0.9064869621207481,0.4148136095768161,0.37433172768696915,-0.27558091054296785,-0.21699256402540304,0.3392481490201796,0.02831930191275041,1.194610649512826,0.222563845472588,-0.3359942098464522,0.01670266058249676
464,2021-12-29,-0.057523288662081076,1.268834360118993,1.2953883797079795,0.8795410802617316,0.5011430133336955,-0.6149623539281921,-0.006742826427151516,0.8011978815657268,2.1451623028362308,1.6596878246260545,0.11068424194972525,0.8417764378907753,0.3370037628952339,-1.0777374115773921,0.8513988849568033,0.3914644692033572,0.16914009604906316,0.6282671775912563,0.5894723543589541,0.23768932113076466,1.2144001113577432,0.4152214625285543,0.05528687991910331,0.007674634753108666
465,2021-12-30,-0.05874268421737011,1.4188121281737172,1.2953883797079795,0.9475230334180571,0.49829960566692594,-0.34912685769414364,0.05743781095402839,0.6771152400780065,2.1581300916520285,1.2995447923094534,0.2005133118029855,0.8144105952758542,0.4224588766843028,-1.2160349164435802,1.1450056481415607,0.5064935784886553,0.9188588066791048,1.3984030846676365,0.6514544969658065,0.11007069276080887,1.2107036373977285,0.5638206482179247,0.294314318067957,0.0045766670274118935
466,2021-12-31,-0.2433124710328214,1.4188121281737172,1.2953883797079795,1.0745669867227756,0.5055455750747693,-0.0413135728320449,0.7933352140555346,0.8361129105557779,1.3002351738902966,0.7090885554181069,0.18845489852046035,0.8197689420815727,0.08012653959391143,-1.0502385817012143,0.6201277075756956,0.5980813205104437,0.9904121872887123,1.0004949627184545,0.566516005245305,0.3526341929923906,1.2343626330530402,0.6573578348054356,0.3930580186915233,-0.022317201715235675
467,2022-01-04,-0.5229691665745348,-0.09591909611651152,-0.1308949629542718,1.1729545318470056,0.5013927773836556,-0.13919242104730375,1.2801015783753757,0.06762416991321998,0.7794281136745977,0.3218345845058434,0.2753180874343429,0.808765194176973,-0.11593737974814171,-1.1929490615583611,0.7321980753491406,0.6838973697839772,0.6584345356208325,0.16455583417920214,-0.06937486520277326,0.18152044347458976,1.3121541798873373,0.5218666270247244,0.08739304251840486,0.04377482905369964
468,2022-01-05,-0.35170895252213197,1.4188121281737172,1.084783209678232,1.2442095727183422,0.516421243477573,-0.1538698435750807,3.6493063649428144,1.4029101617959767,1.1631259491483277,1.1306547206709463,0.5210441438122309,0.8417764378907753,-0.002201300441208179,-1.332073436025008,1.10684400305113,0.8054438604869392,0.8810719797996098,0.6027825648937194,0.6055417987385084,0.49962769117771033,1.419687080710237,0.7275260594052555,0.4158336137475893,0.0014886493258996056
469,2022-01-06,-0.574936172898874,1.4188121281737172,1.1436528452753438,1.298499868922172,0.5401951840234174,-0.36118469508486184,3.3158596667677473,1.203565447691285,1.2565413437502106,1.5404800934263425,0.39452656262877417,0.851249229565173,-0.016636278522713457,-1.4173379136459197,1.2837199991750965,0.956864494266149,0.908735083163505,0.6896818373272825,0.4379604502088705,0.3816108222301455,1.397230862925796,0.8264529215193106,0.4993255740890589,0.009990832409721987
470,2022-01-07,-0.5316865475655373,1.4188121281737172,1.2953883797079795,1.3493967345299147,0.5713981399293024,-0.16059276756236832,2.782788300790882,1.514083175431286,1.0367301067655712,1.0230578374115418,0.3604498330141175,0.885887114273568,-0.2979881496238566,-1.2629719635754726,0.7213466308747828,1.0425959902611472,1.4677033132914588,1.4088177481449606,0.49305568808162814,0.6180624755538001,1.375092732788761,0.9194893067832651,0.5562259129293613,-0.017456339274062545
471,2022-01-10,-0.6785329059258767,0.391697169551288,-0.44241184306901643,1.402406389429724,0.5906036702634161,-0.5013142243710971,0.6912388107434303,0.9735523160320253,0.8166891043721843,0.5791418457237422,0.2744432809067981,0.9098083053705314,-0.5066605327389381,-1.3580713617311748,0.7430529232085789,1.0904607785887452,1.1983337709842532,0.7641475546386512,0.01097235669499836,0.4922129916712704,1.3764114782777543,0.8022876405797364,0.2486451818896069,-0.03430214352317939
472,2022-01-11,-0.6021779884957568,-1.293491653625921,-1.1925022989228398,1.400312778457749,0.5766458763034833,-0.32140979252862995,-0.159371742841362,-0.06150677643464909,0.24403996993702654,-0.6192860593095458,0.39026571138423644,0.9182285646366586,-0.7493450261057282,-0.6326400052360284,-1.0498546579358266,0.8964892841136922,0.4315105137412228,-0.48920865457113,-0.698378830916757,0.3048701759772096,1.3871039844171615,0.44545047754626743,-0.39989428073731015,-0.01957775921137963
473,2022-01-12,-0.2914137340010315,-1.3549407416944634,-1.1925022989228398,1.3005219982301695,0.5289811650151325,-0.2855561322386565,-0.27157098667442425,-0.6365396055828,-0.4955241891479677,-1.6275933982884294,0.3402568181854595,0.8671329004535512,-0.9286346110191437,0.038933450643366695,-0.8316118631501883,0.6215766806726533,-0.6704176409983954,-1.6781054851802222,-1.0748629563806011,-0.22714686272034598,1.3927729308170298,0.06897104614172907,-0.9517156193282558,0.012573839529560128
474,2022-01-13,-0.6348422226257333,-0.9686937800799931,-0.7335127730484451,1.1265635192719212,0.469445455213055,-0.0074458212541929705,-0.3779138846930495,-0.2685185949279833,-0.6136357806539544,-1.03466006404893,0.07785728033883403,0.8035025321356389,-1.049086964400916,-0.14232184637270168,-0.8002270102475318,0.3316361930603688,-1.2480655252053083,-1.7426035739724155,-0.6203272439303502,-0.26365307633330953,1.4085182328078403,-0.07834173327061836,-1.008280545775819,-0.0003905487259169992
475,2022-01-14,-0.7635792597607164,-0.9822244522344823,-0.7449693163089325,0.9031954937311029,0.4041391927568951,-0.6357691220905162,-0.5809449098364978,-0.28001925151094403,-0.7028646551572599,-0.7127781083323301,-0.018768096565536126,0.7312605350228225,-1.024008321120075,-0.3643369441031085,-1.1284927328315748,0.017671592403661392,-1.1453950444927845,-0.8831740916018853,-0.4458589906666175,-0.3345305054189115,1.4110060127026232,-0.17101536713868515,-0.961764432047703,0.01242251999855711
476,2022-01-17,-0.7693389579154858,-0.5797414810874164,0.2820369143218352,0.696390697691365,0.3451650202789641,-0.2285262660779153,-0.6575706278922784,-0.0006491353497991152,-0.40248497454071097,-0.07602810037490788,-0.19677440108719216,0.6690654381707262,-0.791694249614037,-0.5376356699930381,-1.2670382303647694,-0.29981329666481127,-0.6641541361813266,0.027004480174308933,0.020154896340457983,-0.2655881400852925,1.4310009630955702,-0.1362483166869944,-0.7105111567054603,-0.017906278354813506
477,2022-01-18,-0.7797946261874322,-1.2393629084700721,-0.33034143788534753,0.5286970954352087,0.28102759434189994,-0.07013622489570527,-0.645144103145717,-0.9692137002907921,-0.7469278323460581,-0.20247844258008538,-0.11678702141691155,0.620840316919254,-0.9750850175223638,-0.22401596957658595,-1.0448204906600664,-0.5660821105572238,-0.4420188754065074,0.10859310934371383,-0.2071129598846675,-0.22659068294261694,1.4504383903505502,-0.2395239827751438,-0.7413553462943362,-0.0003928501327287245
478,2022-01-19,-0.8048570965365643,-1.2535772095559061,-0.364327935228506,0.38401276439793314,0.21609711035446594,0.07469156902456454,-0.6146830512809878,-0.9834369612893159,-0.8620179497180874,-0.5892403648167694,-0.3087582086343469,0.5240073353587643,-1.0904008174837034,-0.4047827185275096,-1.044820490660067,-0.7844840441441026,-0.2813210605146062,0.04918787731174946,-0.16579153148009923,-0.609427093109228,1.4613377692047775,-0.2984968448756345,-0.6916228332843225,-0.04459465543715059
479,2022-01-20,-0.18439231558470642,-1.3549407416944634,-1.1925022989228398,0.2070335896610328,0.1273180418087807,-0.009446583113822,-0.6318216117286509,-1.030847831284389,-1.6796912762607417,-2.0506541079768446,0.08735177462333184,0.37952334113312647,-1.2758563982916389,1.475418348577354,0.8549403261729656,-0.7289975524060881,-0.5000305410366276,-0.4348406914995193,-1.0266546232419382,-0.9912461915452534,1.4217948868168488,-0.6292459352682093,-1.1082930061899972,-0.011570377012848335
480,2022-01-21,-0.7368822804757712,-1.3549407416944634,-1.1925022989228398,-0.016331131639995288,0.022288144225659355,0.07952586864570235,-0.7774383127035169,-1.2889736790353377,-1.584614626947444,-1.2053580162441937,-0.09929025376132876,0.20767350429256937,-1.3660569573647094,1.1017966652554596,0.8549403261729656,-0.538301577685007,-0.807478948599787,-0.8639637991201627,-1.056497877089682,-1.1639366386844925,1.3809044234113357,-0.8824894750796998,-1.3114562886095458,0.017305747097592646
481,2022-01-24,-0.8303606248525032,-0.9417598368330292,-0.09908444994386659,-0.24325368197810363,-0.07660885555436091,-0.03732033767110633,-0.7059725180018203,-0.901784907408914,-1.1908126885296602,-0.6739768501210066,-0.06397620430576174,0.08586679922684912,-1.1867550329005354,0.6807494684157299,0.22815826643905873,-0.37061172180299445,-0.8847004057721434,-0.7561062478209711,-0.5055454983621049,-0.8836637958441568,1.3653036969772405,-0.886119777179518,-1.0547541269446794,-0.02901156638148957
482,2022-01-25,-0.8291412292972141,-1.3549407416944634,-0.6364768499203015,-0.4651203608012027,-0.18232056601653576,0.050528672903007554,-0.7943168690201796,-1.5470995267862833,-1.219925778695556,-0.7361694039778859,-0.03152888128305086,-0.016515898668139278,-1.3130466332542372,0.3716574618303527,0.2730897613606336,-0.2228701527334388,-1.1560946408951291,-0.9943487749624539,-0.8315256557759214,-0.8401472715205196,1.3294441509230954,-1.0453455850194275,-1.1107196341308945,-0.021250268399398666
483,2022-01-26,-0.44326739751394073,-1.3549407416944634,-1.1925022989228398,-0.6456653042996137,-0.2972146005383886,-0.00864349391786841,-0.8034600415722584,-1.4074421917240851,-1.351453925594205,-1.3774884166470485,0.0993310635915339,-0.11842017274118619,-1.4337708315791255,1.0786645419957481,0.9904879442829144,-0.009894463640506878,-1.1850895503328045,-0.8901791457218315,-0.9738550202805454,-0.8539290371316238,1.2492088486008277,-1.2368600847106868,-1.209721849231768,-0.0064641466198893495
484,2022-01-27,-0.8053759882622193,-1.3549407416944634,-1.1925022989228398,-0.795497863234168,-0.41361025514138694,-0.20094448303792606,-0.803448322584831,-1.5238575239502936,-1.2731302578096122,-1.2707876549535218,-0.11068723987805085,-0.23544263958751377,-1.5051327623071413,0.7562770001702221,0.9904879442829142,0.21897816921186786,-1.4733298658954013,-1.1887998314329433,-0.7603609735236093,-1.0091915586132232,1.1707518482018924,-1.3436526883336075,-1.1466307005317322,-0.002164034603448993
485,2022-01-28,-0.7546802666657346,-1.3549407416944634,-1.1925022989228398,-0.9331790329146097,-0.5240889463314761,-0.5136764150686222,-0.7853947982520392,-1.2009343273917095,-1.1876853035026904,-0.9790324357584423,-0.03952512553308523,-0.3580148227683332,-1.5912990871458743,1.0901409391663133,1.364224780147209,0.48284773626876554,-1.1856528770938108,-0.6306744092381277,-0.6111447042848906,-1.02350512008144,1.1017371943674685,-1.367168764361054,-0.9562923997289818,0.0269304584374154
486,2022-02-07,-0.8603266220090742,-0.3958246979407768,1.2953883797079795,-1.0304929187237863,-0.6081260959705644,-0.33658589216374474,-0.707765813634694,-0.5119690222321028,-0.6862663070535879,0.06585526784332416,-0.09588968743004352,-0.4714012685679212,-1.1890896872224723,0.7058194137786876,0.25032693776643616,0.6072149558428478,-0.6202982154787611,0.20362536406641513,0.059180689833661336,-0.9056645919968819,1.0673078987438167,-1.1531569211596187,-0.40508661997250195,0.006306516592455834
487,2022-02-08,-0.8593147831440471,-0.18204113694363522,1.2953883797079795,-1.073638025611621,-0.6658465707716241,-0.013128302280529162,-0.7211000303852221,-0.3765532601347806,-0.5277035775967881,0.5883430561571177,-0.23749125648751548,-0.5508196230098275,-1.139077226910898,0.40650692006233213,-0.07754134510631393,0.6102781056307962,0.3138094380273553,1.2221427548229438,0.30710926026107094,-0.7051486991485942,1.0396187248965039,-0.9364000286978789,0.040488394948346954,0.0045996317765230115
488,2022-02-09,-0.8687326679646837,-0.021100806609408225,1.2953883797079795,-1.0678935220490857,-0.6996324832427373,0.21202985084952922,-0.6296762964212567,-0.277248367930077,-0.42590666723450077,0.9101768080233659,-0.4514785147316532,-0.6294724993366327,-1.2323226075403921,0.17588458767908566,-0.07754134510631457,0.5512013708512932,1.203754078433014,1.903028881516601,0.38286521233611276,-0.6631967577071181,1.0314668817410428,-0.7384625382768509,0.36534066664323755,-0.028349687874637982
489,2022-02-10,-0.8378586102882166,-0.7468485483385049,0.04684551082795811,-1.0393067235327647,-0.7308315915765232,-0.15236798364670154,-0.4849145519633222,-0.8821054386314535,-0.598259938887722,0.14054990625856742,-0.42545239878889907,-0.6836300759801472,-1.3459713682313383,0.4206073471095909,0.3876694673418384,0.5219663538690726,1.1514968336127236,1.0570751532723366,-0.2759820072256146,-0.5252312922766094,1.0130024605844523,-0.7741390447220707,0.23286089281678868,-0.026088436084297967
490,2022-02-11,-0.8261835464609811,-1.28499221047554,-0.6722449827337573,-1.0454323708506335,-0.7709703241436139,-0.5821619753496523,-0.47177081690951383,-1.4237684870207488,-1.094680477498139,-1.1215706356177382,-0.48855317519982944,-0.7532885844544929,-1.435018994552196,1.0555583468904701,0.981831915113557,0.5827894567197853,0.07471273935518066,-0.8845890362431834,-0.7924998622827181,-0.6486366834842937,0.9940760744262983,-0.9302788619673703,-0.07544460618923939,-0.0088496152769825
491,2022-02-14,-0.8734026934955779,-1.3549407416944634,-1.1925022989228398,-1.0910448233627246,-0.8169235267861209,-0.972022607369612,-0.37386666012553504,-1.397608623888311,-1.2948900735955384,-1.2604251521428615,-0.42154345949738553,-0.8506956746013151,-1.527383806709864,1.3970330668241648,1.337924371421878,0.7280137784545124,-0.994580449300911,-1.9862030814760097,-0.8980990682055037,-0.8664892894039623,0.968219938843266,-1.0428556635343922,-0.24892363697644476,0.01849458263616453
492,2022-02-15,-0.8564608786529452,-0.056514406247179655,0.22200112360529556,-1.1605642471688087,-0.8513719642530203,-1.2004310076027742,-0.3693461210854067,-0.922605168095637,-1.0457273911248866,-0.6840440321928754,-0.4224847718927671,-0.8927012861675753,-1.6020857762791618,0.9659698461083678,1.337924371421878,0.9044448998864115,-1.1963375530938065,-1.3792570388928813,-0.3563292291233862,-0.46652928196092014,0.9473482298413144,-0.9544185441258135,-0.050098058444692284,0.007822725681209078
493,2022-02-16,-0.921503956463788,0.4795235249074472,0.7670279188249353,-1.2182573352315618,-0.8700057637112234,-1.063346908546649,-0.44206915517391504,-0.4837007640439595,-0.591924016816595,-0.12520481216192958,-0.5659046593898003,-0.8946149814553309,-1.420009227816481,0.6584795634088002,0.7260247636321854,1.0077864040097058,-0.5746381310406501,0.0736925542686361,-0.053305420823218944,-0.21222134919231025,0.9300928211897174,-0.8140811738933187,0.19613040488238462,-0.005643600826741106
494,2022-02-17,-0.8994251135371716,0.20908698728458722,0.9166387422473293,-1.239999392173791,-0.8785589108363647,-1.3470712791752268,-0.6386211089484625,-0.6586084330798369,-0.5881155743861322,0.019545698344692972,-0.7184053205117384,-0.8950934052772708,-1.4882451630197666,0.39729647431008114,0.726024763632186,1.0654012459042599,0.12844364975588166,0.9339318417206118,-0.016575262241380485,-0.204936023230683,0.9209747708849993,-0.733412293284099,0.29289818908738946,0.0030428191266836588
495,2022-02-18,-0.8810563464489878,0.4375056776228207,1.248844514077612,-1.2315577459833729,-0.8762615513393901,-1.4699429680891827,-0.39541789889286794,-0.5511831700061215,-0.6334653547034397,0.1511454125618251,-0.7145233456615878,-0.8822716468492996,-1.5649247799273076,0.6590588847389371,1.0903897245739802,1.1394099219162819,0.6899709229507587,1.2039370748162574,0.09820648332686471,-0.15856668968683824,0.9218742662787103,-0.6375990591127249,0.39574780448799785,0.009073296205674975
496,2022-02-21,-0.8973754912208347,1.1324053143634836,1.2953883797079795,-1.1947625242006248,-0.8598488338477056,-1.616724598332611,0.19411912983780338,0.09899503381876383,-0.2364637669319327,0.970043649685116,-0.7240060161562378,-0.8993992196747254,-1.351187996909814,0.33787222620987056,0.3367326289615058,1.123847871929192,1.2685128786528004,1.5244071621674469,0.2152838638064748,-0.31659184304739985,0.9513350468194436,-0.4985166870584492,0.5506992888096475,-0.006905508666961288
497,2022-02-22,-0.8677208290996566,0.7317289885509667,0.23415793232092927,-1.1516936314168933,-0.8372921776530236,-1.5906795881037952,0.16825024808127917,-0.09594946444857369,-0.22877665119995708,0.7329911170899541,-0.7609647367597548,-0.93633353872843,-1.4112166962417958,0.06603079638567981,0.25994010911692034,1.0544935321550784,1.2674777343034993,1.0423276726289115,-0.04412288117775933,-0.4317073874529595,0.9738904491756186,-0.44069032997695146,0.5381886049085469,0.04571257134898782
498,2022-02-23,-0.7474157825065659,1.4188121281737172,1.2953883797079795,-1.0374235096484599,-0.7833055440548546,-1.414333623617851,0.42260242098982836,1.0959922330677168,0.9863382910689347,2.058536462359862,-0.2786095313352502,-0.9404479835971059,0.10301852881012953,-0.35630237914526985,-0.39791558593551124,0.8831433866812995,1.2639586655930808,0.7937102314102379,0.8167402105840796,-0.0684377167503967,1.0180776190260576,-0.09504417917473797,1.0115818819630182,0.011518021205489375
499,2022-02-24,-0.6219218186569261,1.4188121281737172,1.2953883797079795,-0.8355630096860791,-0.7041582066764692,-1.041210806658851,1.1213900823210248,0.8760795381075652,1.491875549948395,1.464496620560854,-0.13190212411627872,-0.8759564523997034,0.5076239832773953,-0.6179173720620144,0.27551807433539227,0.755854091605693,1.0268728021060285,0.44585937819319466,0.8603572739000127,0.2983837900845216,1.0152930022536482,0.1903513073190966,1.289103737612507,-0.0641841190510679
500,2022-02-25,0.06446815603938813,-0.2512089473539803,-1.1925022989228398,-0.6461927893452996,-0.6503612776624226,-1.4738679099894552,-0.4703024442089474,-0.8605573129906128,0.18117862371799143,0.015872624840574136,0.6526410715217144,-0.8417969915132447,-0.13900536431195076,1.2756643008724942,-0.9145588395908444,0.5163297182994229,0.3680833296546544,-0.4246286704965801,-0.6180316090189854,-0.05244204252327026,1.0069801904020308,-0.0659958008661316,0.6012485719020025,-0.012727843534830903
501,2022-02-28,-0.5405336514879535,-0.4998655495027528,-1.1925022989228398,-0.5198299136308561,-0.6209857698365397,-1.509982802925547,-0.6129966502742795,-1.1918893437922378,-0.7951738441039518,-1.0345470715210305,0.29419601534178325,-0.8108908126159735,-0.3347750531647555,0.9500874683173202,-0.9145588395908444,0.23909556004332536,-0.5861325247318167,-1.4547523892612,-0.8384125605100161,-0.08741309145120013,1.0036614550335974,-0.30176703790286025,0.08552222119634718,0.025295722934763214
502,2022-03-01,-0.6621099828088988,0.17633987994668684,-0.41893242140778625,-0.47793937082372256,-0.592269281172305,-1.4668882812927573,-0.5368579218961219,-0.529225282188988,-0.16003302911381448,-0.4639369570547407,0.1878715591028764,-0.7785493622528846,0.10138535708228194,0.5716411784750399,-1.3673238053106591,-0.08995255252222568,-1.170897676789558,-1.6375504447098772,-0.2645038326687901,-0.025995568982434686,1.002888445796815,-0.27656052896309585,0.11126095471877225,-0.005181358741997518
503,2022-03-02,-0.8268581057043325,0.061566049006786396,-0.5596284346512418,-0.5273062972165363,-0.5672378764199881,-1.4591248942951323,-0.5443858343003738,-0.6663281914862095,-0.045209365741152786,-0.43527423564243617,-0.08601176150980022,-0.7598908331972554,-0.11842779955268463,0.3153490568444301,-1.3673238053106593,-0.4185752856484734,-1.0885292432685765,-0.8673348088356709,-0.3838768480597651,-0.14306556691087174,1.0004908051985226,-0.2863658353816488,0.07304856601791788,-0.008259121062343725
504,2022-03-03,-0.7969699423066098,-0.12387738889511563,-0.7956956142420383,-0.5955204675641206,-0.5493737397111875,-1.4604365154576249,-0.6474419582893639,-0.8834077978734833,-0.3085227067375389,-0.47328755652729415,-0.2547654165008605,-0.7437201080157093,-0.3353281434102308,0.3443214324382914,-1.4208225033047472,-0.7266777386253127,-0.9568387009428829,-0.4612869904288644,-0.3678074036802108,-0.16642860001944632,0.9961198460852461,-0.33606489057040273,-0.02452407147317634,-0.02117414793328723
505,2022-03-04,-0.7971515544105889,-1.1373332285320366,-1.1925022989228398,-0.6604586852240402,-0.5477540202676472,-1.343860202531263,-0.762709870109859,-1.5075020813019575,-1.1379288011147153,-1.222747569016601,-0.35200358936939863,-0.7441028470732615,-0.5418132996021523,0.933692701700914,-0.6584256693940107,-0.9062004015477995,-1.1923230874015331,-0.8989231846246244,-0.5147280380075646,-0.37986809223452506,0.9771334764810189,-0.48708371465061817,-0.27275171871019005,-0.01346519446915868
506,2022-03-07,-0.8043382048109095,-1.3549407416944634,-1.1925022989228398,-0.7594393200878425,-0.5624094993576939,-1.3289144774949853,-0.7018872355659963,-1.6288509745241186,-1.4233631073464743,-1.1637601629876537,-0.4297941276642293,-0.7711816353950195,-0.7258819817771649,0.9312602111242113,-0.3966765767731198,-0.9735511551338902,-1.4758812162222823,-1.2735034753795076,-0.6869006563599325,-0.5739234414373531,0.9457592431789127,-0.6434233214717533,-0.48027024789024586,-0.022852914097990906
507,2022-03-08,-0.7525268660042668,-1.3549407416944634,-1.1925022989228398,-0.906694312111846,-0.5974006918526598,-1.4557985792786536,-0.6712038468221329,-1.411578777133139,-1.818206374923365,-1.3657890129207255,-0.361947971094135,-0.8106994430871965,-0.9195809182167652,1.7507234935427545,0.38067320472505856,-0.8833910705591512,-1.5192814115058797,-1.1187489517621525,-1.0266546232419382,-0.7086115109961828,0.8970702687403515,-0.85086032663727,-0.7321046573405076,-0.018195043591229306
508,2022-03-09,-0.6481777399750644,-1.3549407416944634,-1.1925022989228398,-1.0906384990344975,-0.651103853663993,-1.487699281022894,-0.8484322417744494,-0.9769590404385047,-1.904027949370436,-1.4025561108354754,-0.06849428871742766,-0.914421727683615,-1.1297206372602993,2.799468794071428,1.1021441711220379,-0.632259372279818,-1.2337148439179255,-0.5596386151958073,-1.104706210228345,-1.227316836098997,0.8391953392941673,-1.0499477784406954,-0.9195488640091704,-0.0066131558917171184
509,2022-03-10,-0.8164024374323862,-1.3549407416944634,-1.1925022989228398,-1.2474937343012653,-0.7149011190722787,-1.4189023287895781,-0.8484322417744494,-1.0735645557353923,-1.268661630574655,-0.7294099422933499,-0.16102585256008503,-1.0335492593464737,-1.1384087000176404,2.2134631441118184,0.9193097562380628,-0.34179284492929335,-0.8390330611782068,-0.07944427994654225,-0.9164641474964229,-1.3685418560644385,0.7780273319850659,-1.166795686019161,-0.9313804916269135,-0.006180195568192351
510,2022-03-11,-0.6066923465089544,-1.3549407416944634,-1.1925022989228398,-1.38367950249344,-0.7824937408898864,-1.4569922216326385,-0.8484322417744494,-1.1632696770825053,-1.289235060548085,-0.9267021173000668,-0.1972863525099017,-1.0884723141050925,-1.2642843459805608,2.6590216913234404,1.2665748855974455,-0.012627046566229908,-0.6266358740866205,-0.052829279887628,-0.7236308149417708,-0.9075893248609893,0.7218612766998337,-1.2260645222352096,-0.8441400467983529,-0.05488883778062902
511,2022-03-14,-0.7095366865337576,-1.3549407416944634,-1.1925022989228398,-1.4984632758952174,-0.8750413102434926,-1.4651703824818472,-0.8484322417744494,-1.675347530858281,-1.419739834717299,-1.387970878347643,-0.10880441563856726,-1.173440384881494,-1.3898806966793715,2.9295708666870106,1.5397910807214916,0.34272584848171617,-1.0573203923654075,-0.9441048293842169,-1.4857816055149191,-1.245281665781648,0.6136197048227846,-1.5189579730476852,-1.1667271149085532,-0.0704332750489203
512,2022-03-15,-0.627940962674523,-1.3549407416944634,-1.1925022989228398,-1.5992450526791173,-1.0099089458740762,-1.582377958157406,-0.8484322417744494,-1.6946000112153965,-1.6356828048719319,-1.5553853702319593,0.04590280302363569,-1.3412714616177628,-1.505231529985785,4.127427433164783,1.9405645084833774,0.731297407787646,-1.5076081843119458,-1.516399469836193,-2.3604185067449475,-1.961169693223472,0.4390806801568582,-2.003145329566839,-1.7460805205134469,0.03505404045843543
513,2022-03-16,-0.6693225777955021,-0.5597650919025751,1.2953883797079795,-1.6996922733606177,-1.143170642537463,-1.5051931725896246,-0.7374110416174202,-1.136278080859065,-1.4260201873367024,-1.0550982178031836,0.12351165991257274,-1.4688192525467518,-1.596813297841509,3.947100061408884,2.0516701997224795,1.1186442537711996,-1.5085224432019686,-1.1464082607673753,-1.1850534321261166,-1.6686042031198347,0.33642866106805686,-2.0313931278196824,-1.443799322612287,0.03487532931401219
514,2022-03-17,-0.7655251037319223,0.16512380104593,1.2953883797079795,-1.7641500660357057,-1.2469342682642157,-1.4632648540058972,-0.605032011289435,-0.541390288529508,-0.8343817714507861,-0.16950784139167366,0.08908882588381989,-1.5571362900767285,-0.5780207749228599,3.148788788289409,0.49777787534887524,1.2842800189799792,-0.7576061499099993,0.15159824116207798,-0.1451308172778151,-1.341604801922637,0.27684918832143374,-1.7773560385972955,-0.7278685782415283,0.00953104782100032
515,2022-03-18,-0.8874127700882605,0.3573515272932103,1.2953883797079795,-1.7787768788716012,-1.3180517240590048,-1.389265948673525,-0.5066351883193109,-0.422308849773899,-0.6511235342998205,0.2551157736498761,-0.1146849465859648,-1.613303246772388,-0.6586394007725412,2.595510058477888,0.3906237667088258,1.3102112994301234,0.26545647811841255,1.3447782283934235,0.28415291114742197,-1.1000853983936445,0.23125847404993652,-1.4980200172775653,-0.11263368085341524,0.018793827144026398
516,2022-03-21,-0.825898156011871,0.8146417252149502,1.2953883797079795,-1.726847693446376,-1.3511008676928435,-1.2806446883118896,-0.1639228467555144,-0.15929389483932982,-0.42485527477096463,0.8550474452148428,-0.12664496006455123,-1.6394251874502666,-0.2592666405841203,1.9871839316926712,-0.36071467462884915,1.171137253300257,1.068419225274901,1.7816288790225405,0.8374009247863637,-0.8382275320161728,0.2042385000470066,-1.1636560083242622,0.4719753636894551,-0.013317089531337152
517,2022-03-22,-0.8641664207789206,0.7605712567936874,1.025709014566839,-1.6346593161272591,-1.3619389411644667,-1.282664066013552,0.046077461800250775,-0.31617935658972546,-0.41257845368199897,0.6734160453924413,-0.29146805880291876,-1.6575096079195717,-0.4594918402411966,1.5560641198897782,-0.36071467462884965,0.9592297994156807,1.3832487743347281,1.476403109990473,0.4655080691452493,-0.759190406678869,0.1735460221124778,-0.9886798812396952,0.6719659553550749,0.006927291432566258
518,2022-03-23,-0.903965416136652,1.33439154608262,1.1572003075486128,-1.530160292332086,-1.3507036729122146,-1.3033546061934058,2.894039829217991,-0.0927625931157651,-0.2529289926427557,0.7263633903636224,-0.48626778966746304,-1.640573404622923,-0.5449549182663481,1.204849370402316,-0.4667976690529952,0.7145263127773103,1.2972135990712552,0.8783138723700826,0.2772660064133272,-0.5473208365937072,0.17279241983025284,-0.8054834445735684,0.8457646808415418,-0.01090739618919311
519,2022-03-24,-0.8402714568125119,1.1807602533457042,-0.03256007921728525,-1.4212097362408371,-1.3284556994498917,-1.368117850510457,0.26755512786172275,-0.1833411004882701,-0.1579313147536353,0.6852905376734358,-0.3693621495724132,-1.6249767880277044,-0.1986841427563904,0.7375924632691692,-1.2417093761991578,0.378580974104826,0.4975718777973295,-0.39782938208839674,-0.14742645218918,-0.5839145600578903,0.1904783429878823,-0.7239277798442656,0.8140949899135232,-0.0019960086467149273
520,2022-03-25,-0.8813676814843808,1.142614055585688,-0.9941872188998137,-1.3318320433380333,-1.2979331120692836,-1.371577159218514,-0.35547017987581486,-0.05760190233903825,-0.2225980038123582,-0.4468996642775745,-0.4856418104092069,-1.6021081293390098,-0.409697741847904,0.4678589542880393,-1.2119582442193666,0.027135334627811557,-0.31322916051028116,-1.2206733545072357,-0.22777367408695165,-0.5482606288873197,0.17879383275105407,-0.6581099651386585,0.7623270543399489,0.0019960086467148783
521,2022-03-28,-0.8387926153943954,1.2092887791691296,-0.6710601119768569,-1.267609604385668,-1.259228053483774,-1.3538649605723945,-0.2918818742592096,0.1699402033180702,-0.34783749276490095,-1.5683547452612583,-0.4779595360804819,-1.528622230289151,-0.6287185801377707,0.8958743619413534,-0.5646453285821035,-0.22460232397579,-0.7068125082421092,-1.122502874423892,-0.18645224568238336,-0.04844234037365008,0.16946905794392458,-0.5827956840569706,0.7368623009734679,0.006954821873369651
522,2022-03-29,-0.783089588645341,1.4188121281737172,1.2953883797079795,-1.2114295658928087,-1.2102272555541314,-1.3059691747920652,-0.23589430527980784,0.296656528577627,0.062023956503321535,0.04256138931874946,-0.4424411324097049,-1.3938023972666862,-0.3657992437009681,0.5073347042074607,-1.2333297522507243,-0.4864512362435021,-0.4580226750939816,-0.24780368056011026,0.01097235669499836,0.678829099626732,0.18500553814970816,-0.4776754926533659,0.7665504028982486,0.023967887350292608
523,2022-03-30,-0.7834528128532994,1.4188121281737172,1.2953883797079795,-1.119624900538721,-1.140633485413666,-1.1859535130678163,0.48051028618995106,1.1373758682636586,0.9354635632224381,1.657839272416602,-0.38045774180702874,-1.276588560891585,0.111523310409318,0.1566568000405803,-0.9691606410442691,-0.6998733927720973,0.26584828285794515,0.8811483589257569,0.4632124342338844,0.5711591824550528,0.21583930908180796,-0.2633425880918581,0.9737268541436098,0.04211646807253674
524,2022-03-31,-0.6322737085837415,1.4188121281737172,1.2953883797079795,-0.9488551051378079,-1.0342414406858096,-1.1363081522558873,1.009179415229732,1.282779993988253,1.8796584989054885,1.6497594681778145,-0.10847860603728404,-1.1547818558258647,1.0004420007487809,-0.2199365128800926,0.12665260473779055,-0.7375533053567168,0.7958639796477461,1.253087686296705,1.2138850502502079,0.6413506248539963,0.24894671271449217,0.11708399621892995,1.4184272442355446,0.006926834438349687
525,2022-04-01,-0.782882031955079,1.4188121281737172,1.2953883797079795,-0.7072232021255715,-0.9042302834883905,-1.2057087422687776,4.505843945327116,1.4075305528655027,1.6013703387661207,1.1006122961019214,-0.20140547333248324,-1.0364198022781088,0.6217289167731729,-0.43814078195402467,0.12665260473779025,-0.6824928965344416,1.2767505605643261,1.4340073484748075,1.0554862413660295,0.6160483287928564,0.2669007853191772,0.378586461114733,1.574450993647824,-0.010640859134721225
526,2022-04-06,-0.7804172962582181,1.178229250624807,0.6652849731518417,-0.4390253772054859,-0.7714450481228619,-0.9636198286278935,2.0224146159657868,1.2162463625870552,1.2099777014900377,0.6923425808279625,-0.3470803859590072,-0.9419789398273112,0.3194514227525429,-0.612304924760667,0.12665260473779025,-0.5846107244492424,1.2747924173964735,1.005011529775745,0.520603307018007,0.33459837956089244,0.2809804710572858,0.4526852357186008,1.3845199734753237,-0.025437075680775693
527,2022-04-07,-0.8427621370956555,0.4073672959187542,-0.8340197271873051,-0.2223194949013687,-0.6582916993814897,-0.8475908177869133,0.5988417036503204,0.291434701987263,0.519667146830428,-0.05466586028272019,-0.3922868972698619,-0.859690042453768,0.01830652295845699,0.14084953507323925,-1.0472557007551717,-0.6160057238939938,0.6882754137417125,-0.06214526506033465,-0.23466057882104638,0.2210953680554074,0.2887646003988563,0.3253928571952694,0.8943327816620371,0.0028585059959636717
528,2022-04-08,-0.7086805151864269,0.4010652065619069,-1.047043056581671,-0.09497634526804775,-0.5607949547804304,-0.8744943901983189,0.7054058913599617,0.30210704830333807,0.312750654964463,-0.5847613531478145,-0.38229518827772185,-0.781898329006458,-0.26346968262983184,0.27074021584011365,-1.4924556296311706,-0.7650788299154364,-0.03589320662853045,-0.8824552309696855,-0.3173034356301829,0.18329880206754098,0.2906351646451257,0.2462366541633368,0.5830291532834944,-0.01052137874153276
529,2022-04-11,-0.7270492822746107,-0.028705195480743333,-1.1925022989228398,-0.031500487544118175,-0.4838432528290884,-0.9142713533603397,-0.12653663417177605,0.022313702383516706,0.3020900604854686,-0.6836966510429708,-0.2903801519188764,-0.7126225595896628,-0.1569190750333836,-0.06256542159769532,-1.0175195649467568,-0.9041136032322072,-0.7495464225705168,-1.3828318616076387,-0.5744145457030522,0.18687807231556072,0.2919279544587189,0.12299808176801401,0.25994861234611943,0.03449432466899936
530,2022-04-12,-0.6761719485741469,1.127205107676926,0.20158698266298747,0.013697238477205574,-0.4023322172410668,-0.6399391579025111,-0.162946666903875,0.9507188956629289,0.5310262885151806,0.09818866733685121,-0.18327945516574726,-0.6161723170867236,-0.3364319374197083,-0.355681996141691,-0.8712860700424001,-1.0088467521724251,-0.2205541930040492,0.003643829656438432,0.22446640345193444,0.5315429865864542,0.2852966164850889,0.23861305275172923,0.40264574353025373,-0.029698152405506516
531,2022-04-13,-0.6353611143513882,0.17797500678345426,-1.0814128219819268,0.05911565162372215,-0.3403136726866044,-0.7162000961121935,-0.5240995056237335,0.14949249598343364,0.3187713203142853,-0.06409177927100634,-0.07242239701370373,-0.5417295703929819,-0.4210650024575836,-0.6088673684729581,-0.6184303089905183,-1.0566987269951407,-0.25090326030008003,0.036706880078880955,-0.30812089598472325,0.23146505058940356,0.2980847953985376,0.12118352204285762,0.1253983412195608,-0.012518218357403221
532,2022-04-14,-0.608586301307595,-0.17850018701788437,-1.1925022989228398,0.05585626593603383,-0.3008990763924249,-0.7993850017531672,-0.5713885094879065,-0.18117236737635406,-0.394809346006471,-1.794132199581264,-0.03828583544940576,-0.49063390620987785,-0.6628042418482959,0.1833573270234938,-1.1260046955771792,-1.1335119510897689,-0.090422313909044,0.0632790316360395,-0.43897208593252285,0.05175745538429728,0.37831327513784296,-0.030641162648330514,-0.1541672551968431,-0.025516595381823458
533,2022-04-15,-0.685122830841694,-0.8415444153826792,-1.1925022989228398,-0.0232926904338631,-0.2921185743182764,-0.8259906730870159,-0.6040742904077712,-0.8425020940959347,-1.0043629336363085,-1.5554096418450563,-0.0781139215300734,-0.48766767851385323,-0.854016535585667,0.4074848410531052,-0.6065344854959616,-1.155491857719698,-0.852984394493316,-1.1165736022405803,-0.8590732747123002,-0.3894727331645053,0.4189887057306506,-0.26776020936037837,-0.5210741265456923,0.015290063597992126
534,2022-04-18,-0.652510485884283,-0.36603386775272173,-0.4881264108588814,-0.1643767685550755,-0.2931784067140464,-0.47504483930595237,-0.5816204486901506,-0.44824783393618606,-0.766474045510861,-0.7267649550169596,-0.29040797909964544,-0.516851531652144,-0.8681956877414624,0.15936934567884212,-0.8154797519202825,-1.173177998227232,-0.7977852881498462,-0.7813547348505443,-0.411424466996144,-0.6196999514332375,0.4358943965443049,-0.3187804915331488,-0.5020412651737248,-0.011321804422371665
535,2022-04-19,-0.22660415746673332,-0.907766818911367,-0.8480593915203418,-0.28874219157770387,-0.30627583385769896,-0.7422348841403563,-0.6543228837690901,-1.0929253732923239,-0.06313316586407137,0.3530136910151372,0.3412087153717251,-0.5624931642651454,1.1714345157511306,-0.32647609513672937,0.3426292644622092,-1.0460214537979298,-0.999749095871676,-0.7811483428928753,-0.5583451013234978,-0.7728191885331046,0.44110787615384217,-0.40291559910708186,-0.5424323010670208,-0.051814534951866845
536,2022-04-20,-0.32132784198503705,-1.3549407416944634,-1.1925022989228398,-0.4415389902579367,-0.35460657269991586,-0.8447283640394729,-0.7749962685518007,-1.5828458176555842,-1.913093934028874,-1.3863983792071397,0.313599471750221,-0.630142292687346,0.7113610570781184,0.9127193349366268,-1.1024004611441918,-1.0315381671081045,-1.2088371795186317,-1.0277509755585486,-1.2791744634920776,-1.1082015200652893,0.3924470956565733,-0.7196436796366925,-0.9653918812217072,-0.029631797606371114
537,2022-04-21,-0.44163288857812777,-1.3549407416944634,-1.1925022989228398,-0.5904103405825933,-0.4367478261997414,-0.9290997623194988,-0.7802516491541921,-1.6767297602172544,-1.8670432514783963,-1.3806496938425887,0.09010007085669612,-0.6919546504818902,0.40034236168615245,1.2823100530074616,-1.4451066623794402,-1.1175097093856847,-1.6514927116747546,-1.5075333270570377,-1.511033589539933,-1.1416011561119515,0.32352443675204745,-1.0370945112754932,-1.3049734271292306,-0.014606697348341696
538,2022-04-22,-0.5577608567796966,-1.3549407416944634,-1.1925022989228398,-0.7572314169233485,-0.5412205463969659,-0.9495639117694427,-0.7815081593842328,-1.3743432154281143,-1.6980009293332325,-1.1491331760558356,-0.03415036490078601,-0.7659189733536871,0.09961701435915367,1.8901802390866065,-0.7892960745221369,-1.1677526515921028,-1.7630102335629354,-1.3973365968844482,-1.4077300185285124,-1.2791680758274482,0.24762786155969807,-1.2616355514520217,-1.420593931503746,-0.07113607737307989
539,2022-04-25,-0.5677754670848363,-1.3549407416944634,-1.1925022989228398,-0.9974101581443491,-0.6879815830440194,-1.1908517429339043,-0.78423954507165,-1.637577664848596,-1.686371887765192,-1.1489724250386346,0.20213596315376314,-0.8839939726082835,-0.27537682710180705,2.5629577120084868,-0.06867455118819958,-1.1077998760482677,-1.784698836961373,-1.1957432414882132,-2.355827236922217,-1.7383919367583962,0.1101577535300005,-1.6911827620345088,-1.8574042387149456,-0.0046920907197290085
540,2022-04-26,-0.6159805083981773,-1.3549407416944634,-1.1925022989228398,-1.1945455244812684,-0.8523913238749791,-1.3511839244813344,-0.8484322417744494,-1.5026716700305265,-1.4809252278778546,-1.0474610670725013,0.126811767727231,-1.0457969091881174,-0.5123764570568224,2.421040873189529,0.13945358073635838,-0.9711418385078404,-1.6618148683999947,-0.9583057773626176,-1.816353032751465,-2.0207965583011194,-0.005051831679192107,-1.902707298302112,-1.8406769789254849,0.020943173845243173
541,2022-04-27,-0.6321699302386106,-0.9412586548058908,0.8903172507564594,-1.3413450472101578,-1.0052781392517567,-1.2585827345030405,-0.7698141461107738,-1.1501158011157417,-1.1890121430397205,-0.8069959699649,0.14208191363462544,-1.1655942342016907,-0.736876112691207,2.187209572583518,0.3214864407427901,-0.7843089564896435,-1.3251759628295396,-0.5043206354899981,-0.7970911321054479,-1.6537278578829573,-0.08590118495552317,-1.8527041619399363,-1.388051738989162,-0.032175925708211595
542,2022-04-28,-0.7825188077471206,-1.1790628866748365,0.3655941634851922,-1.4438559115326308,-1.1555576835713357,-1.3572280994850536,-0.7519060081713405,-1.4653435016997531,-1.020379686254635,-0.6907196145985144,0.0829646115701779,-1.28998442790588,-0.8123192520574931,1.6446454976493299,0.16698743094246618,-0.6059663906587831,-1.106570028704034,-0.375507592104001,-1.0174720835964786,-1.7984262624253633,-0.18395451780221303,-1.8959617211660469,-1.1825856332106524,0.08049993414576966
543,2022-04-29,-0.40982482579548185,0.17387620074852014,1.2953883797079795,-1.4813252135220092,-1.2510807474987278,-1.1248684825411734,-0.5013302484726352,-0.657214305657106,-0.5859867045890295,0.6229714433503886,0.3755535300374122,-1.3338080499955118,-0.009435367405063502,1.000104818454977,-1.2483278845710153,-0.6190835785763014,-0.08473939230825807,0.8979472572170432,0.9154525117727704,-0.983246452640241,-0.2189684022925552,-1.4570988132151699,-0.2084772182657882,0.03609333337502503
544,2022-05-05,-0.5201671512559983,1.2178755596272277,1.2953883797079795,-1.4363107937906763,-1.2839196420570107,-0.9877113687651677,-0.10432913123753655,-0.2732096522184032,-0.08505001004466675,1.6976523359937128,0.3536635738575413,-1.368063195646358,0.5647201678693097,0.5838659029385576,-0.9569389585369015,-0.6932844744915514,0.6047736443396452,1.3923208998730436,1.666125127789094,-0.8128916167322674,-0.22630518447614612,-0.9487234530972585,0.6875577252917425,-0.010638398205055754
545,2022-05-06,-0.717138450314602,1.251850472049293,1.1156690708312833,-1.3364630346832496,-1.2782383659864474,-1.0157773794127354,0.022174769992744474,-0.38783790697622517,-0.0760413310775609,0.9220651459914835,0.14732785329209186,-1.3982995811929142,0.2657497190695932,0.30804108431207067,-0.9701770173134215,-0.7942074279362573,1.4236429118230547,1.8790397685535316,1.0371211620751104,-0.807234961098947,-0.22903286390721983,-0.6588594511533414,1.0373894156388817,0.0382947395288078
546,2022-05-09,-0.6306651442342113,1.4188121281737172,1.2953883797079795,-1.1788539663279816,-1.2234079201900898,-0.8580665548167142,1.0874508319640326,0.030555222889826553,0.2570021415627978,0.9077000543437694,0.04100444525532749,-1.3497874056482826,0.4270842069040628,0.026714902051633516,-0.5485820412701087,-0.8491204043345348,1.5949921698217269,1.4960291226510425,1.422787827184414,-0.026483869286617577,-0.21917197647189274,-0.2591997359900228,1.5016599034035354,0.0403483877903054
547,2022-05-10,-0.5719266008900755,1.4188121281737172,1.2953883797079795,-0.9794520228619407,-1.1135656960110618,-0.7628095807049379,1.1522621775703992,0.48906824192111553,0.6260900859443376,1.085701583901028,0.16155380828049365,-1.2453953277011476,0.8372808013127979,-0.281092228324855,0.08967243333535574,-0.7982538486728463,1.8067577713891103,1.391056340773715,1.7832025082687042,0.6303005998554927,-0.21319331986000106,0.20841632956306747,1.9872109864313854,0.0014818476408833103
548,2022-05-11,-0.4894487610972277,1.4188121281737172,1.2953883797079795,-0.7676372278294941,-0.971953787094944,-0.6579954223346204,3.6543572384859595,0.5062624801347893,0.9418943983816165,1.2785678300863565,0.0649734596208182,-1.116603634835116,1.0890505253413554,-0.49372811604654643,0.4854640675237623,-0.6493116456958026,1.8026553276518282,1.223516705409042,1.0807382253910434,0.7879056798307943,-0.2057054072266682,0.48574895884817143,2.0560652149327368,0.021485201450785935
549,2022-05-12,-0.6584258515567489,1.4188121281737172,1.2953883797079795,-0.543847194228263,-0.803034259018486,-0.613367446615716,3.1816982680330246,1.695061689477729,1.0878160408988702,0.9995546694706127,-0.04585948697297522,-0.9080108484696294,0.7095986293560604,-0.6739359504481496,0.485464067523762,-0.4624893943314993,1.7907682467740433,1.1184473885739545,1.089920765036503,1.7462482838003768,-0.20449365129295913,0.7481295735306416,2.0860362486470025,0.012482159181518123
550,2022-05-13,-0.6901820251668294,1.4188121281737172,1.2953883797079795,-0.32224159403915287,-0.6174710924393012,-0.6340376358260489,2.858453200888579,1.6360385590278832,1.1626929425027253,1.0286380662501702,-0.23103576378791402,-0.7001835402192439,0.8475766463372383,-0.8145301641700906,0.7569500643310366,-0.23848909868616697,1.6894220498947339,0.9756720830607588,0.9751390194682579,1.9339117390764518,-0.19294786328147437,0.9406617923322258,1.9927006366507678,-0.007182219047298404
551,2022-05-16,-0.7441727092212227,1.309907321779196,0.5005189669566055,-0.12033938433457682,-0.43631816006500623,-0.7796249214626915,3.253157332429033,1.07674570743676,1.0346570230549839,1.0603266673903111,-0.09803919353666549,-0.5180954335891864,1.2967716194849945,-0.9924476408077542,1.2150453276005857,0.04204939957623438,1.4959311769355679,0.7379459836943237,0.3920477519815724,1.6282567460172024,-0.19159420092604906,0.9702700899063941,1.6443966207926632,-0.0019240025175221252
552,2022-05-17,-0.8021069703905933,1.279558863448556,-0.9414704700714197,0.04188482729002226,-0.26968031578573465,-0.773988914279781,1.0302494765235013,1.0514942658089506,0.7366309610194656,0.47497504963807485,-0.24760302828932498,-0.3056752566481868,0.9240918079941419,-0.9253820080858531,0.9522011545684421,0.2964842301627109,0.7577392090390779,-0.22682433447802347,0.09361521350413489,1.9573734327826107,-0.1932450989810798,0.9302209082105181,1.2487616192118058,0.012915749981488176
553,2022-05-18,-0.7914696900146677,1.4188121281737172,0.4267949723064131,0.17307109923483027,-0.11398113632072916,-0.6596237640195624,0.7695807323610199,1.2219414967966684,0.66953714183864,0.48000593838907035,-0.34627367880017007,-0.15152710121937768,0.6271413072404562,-1.049337059668935,0.9796167416917342,0.5201734549808403,0.2345265583625863,-0.6059998724287226,0.24283148274285365,1.2355990208713012,-0.2024223761645329,0.9346995532952305,1.0070394150392654,0.005214517622777785
554,2022-05-19,-0.7755656586233447,1.4188121281737172,0.9922923320723053,0.272256895019801,0.028081896288220425,-0.6831667937015886,0.42986731820079227,1.2913829612731456,0.6089336600218155,0.5370956499250761,-0.43360236612535963,-0.02704122275080079,0.34109377489426634,-1.1589098133332112,0.9950920640752605,0.7118027072717603,-0.04334437063860127,-0.48424357660696715,0.19691878451555556,0.9217139380573132,-0.21095595416412294,0.9220908686205597,0.7849629778915131,-0.017648919821205554
555,2022-05-20,-0.7482460092676138,1.0922135676556188,-1.1925022989228398,0.34310770426652437,0.14041242919740285,-0.6771122258885292,-0.2858301683002747,1.0216101927798418,0.5586429758345067,0.42060735390400006,-0.32722981073873025,0.0882589183365463,0.5198297498949555,-1.2808401774374973,1.3135814818898337,0.9102650381415769,-0.4047425039189802,-0.6797448022014322,-0.22318240426422184,0.851791519228387,-0.2147863980969526,0.7683002377902477,0.370182589673381,0.014808008819601894
556,2022-05-23,-0.7415263614203826,1.1999522855887865,-0.14943557294292747,0.39805067491605856,0.2356855336171983,-0.7002048091868127,-0.32502574329870426,1.2104523379347008,0.4685454226780939,-0.2926539427146687,-0.44354377242574883,0.17762848827478667,0.2303824041500729,-1.329887397785168,1.2497470412775589,1.0882292942535232,-0.5095590618569891,-0.5649203724344619,0.09361521350413489,0.6210767602778254,-0.21545035447400654,0.7221021653415751,0.21906315111975325,-0.035718082602079114
557,2022-05-24,-0.34392557663730833,-0.14334661922437875,-1.1925022989228398,0.43720027351518476,0.29016753234670534,-0.7784192991331896,-0.515486695108713,-0.022294738788716705,0.42135808252448614,-0.12562789484614467,0.18932749650304695,0.1956172239797026,1.1093437904839634,-1.4794017658714123,1.8921313273031495,1.319533564473297,-0.9400763782543194,-1.0035435729062498,-0.6363966883099046,-0.09001080956989534,-0.19810323707387725,0.4555067875626951,-0.2719961680404008,0.02905773447954255
558,2022-05-25,-0.5374462457203069,0.6835896201740929,-0.15051053729785374,0.4481073030737533,0.33308673571437025,-0.5063000664924298,-0.17114569307881977,0.5030367604029086,0.10723288091835889,-2.0506541079768166,0.22566316432133257,0.23140332586075243,0.6443604968751881,-1.3304924717127287,1.4621606644934586,1.506743827531843,-0.5860817719628121,-0.2556493036212742,-0.009688357507285769,0.16154756294083436,-0.17405384880855462,0.43427192089704686,-0.25275341539685403,-0.012971596727918358
559,2022-05-26,-0.7051001622794081,-0.3686799429813489,-0.6975149766102821,0.4319668098263523,0.3560858354562384,-0.499814850676906,-0.429114403363656,0.16015910447891196,-0.10226737760925775,-1.1430416276354876,0.07430010987092352,0.23446523832116292,0.3197946693939117,-1.4111604669055005,1.462160664493458,1.6561746777074309,-0.8056036719410989,-0.5472526565329618,-0.24154748355514102,-0.15170725564684526,-0.09421346069756108,0.3240870603340713,-0.38675334894760566,-0.017561426929947183
560,2022-05-27,-0.7855024351696362,-1.3549407416944634,-1.1925022989228398,0.3881604051926913,0.35271154841627206,-0.6864952463328511,-0.5766671164833228,-0.3067113197980519,-0.5416600076813535,-1.0003945161415195,0.003562667809675402,0.21006562340226656,0.10551774036359408,-1.4873996476614093,1.513788717085436,1.7804268884414103,-0.7434107606491335,-0.5121818486381704,-0.4871804190711858,-0.41616931780347527,0.0032682905688229593,0.14034537994972446,-0.617494142032755,0.023828017695261765
561,2022-05-30,-0.6717873134923629,-0.23720699833517153,-0.019504230212116606,0.33030226656639716,0.34661239078629974,-0.30445157505706116,-0.3678448600236438,-0.46305982194581735,-0.5761521425736446,-0.48432734940144534,-0.10338028733840399,0.20087988602103166,-0.15866345749819577,-1.4912161922297493,1.3650572438595263,1.8635549898341452,-0.8210507440530347,-0.5604073871913055,0.04999815018820174,-0.14306556691087174,0.09725760565036008,0.15292568628320322,-0.4723582151733169,-0.00048065369827068546
562,2022-05-31,-0.7836344249572786,-0.26430357070239435,0.6503878334886236,0.29148120142878364,0.3370357899238307,-0.09806950215509477,-0.5425601743582211,-0.47705459682387774,-0.26316399685614666,0.455278502130149,-0.3106210717463115,0.1803076616776467,-0.24615699206472627,-1.5441547825386401,1.4418962621488265,1.9282844160967558,-0.2441132522653682,0.29725409528962343,0.09361521350413489,-0.13014672072637593,0.260326668827623,0.1467251297536498,-0.3877924862430831,0.01337173696588924
563,2022-06-01,-0.603371439464763,0.37914783738288843,1.2953883797079795,0.30262644651583914,0.3325117881457267,0.4178488545679713,0.028162038853860587,-0.08520090023810557,0.7329785730242432,1.8037237311706047,-0.33374686169190954,0.16384988220293942,0.14837732516886226,-1.6031846097928037,1.804180506278409,2.022516042858817,0.5002178929763759,1.1848990461380446,0.2680834667678676,-0.12606148356157126,0.3495550637327498,0.2088387905446202,-0.20540416222800756,0.02251502236763477
564,2022-06-02,-0.7410334142810105,1.4054559632252193,1.2953883797079795,0.38259990692242907,0.3437899460973362,0.914518126729354,-0.12287402201367885,0.5865482939089391,1.4922551251069052,1.4341277874199032,-0.40679657860572493,0.16700747942773922,0.1099807680823084,-1.6514739801354579,1.9059964460727292,2.1365218516096838,1.2868559665851305,1.7884886769342723,0.6812977508135503,0.030319804961961006,0.4048197881481655,0.36426460447118175,0.09722700762149729,0.08871061274258961
565,2022-06-06,0.0987409545188949,1.4188121281737172,1.2953883797079795,0.5713854126571056,0.4215344801827853,2.101535204975023,1.7469148917925388,0.9243352204689061,3.5151034700177597,1.9426956210638724,0.5837845124273996,0.2662325800979261,2.823891532216983,-1.7470520784252832,2.5664800584013925,2.331842692665012,1.3177477537366244,1.188741822294208,2.299720363325808,1.0535047410783978,0.3988602261214139,0.9853834153580285,1.121477053558157,-0.0336674007643498
566,2022-06-07,-0.1656603242885642,0.4247796917233931,-0.0839700591489211,0.7952378318869912,0.5083149260140946,1.5243824301935087,0.21018688445533318,0.3615888070491403,1.8016052607722364,0.9452165013605741,0.5538170274355854,0.3244089168457307,2.1251084739043864,-1.785259826512532,2.5664800584013925,2.5527062366466717,1.0961977039901616,0.5172928719910851,0.9980953685819071,0.5736537243422515,0.4197342447086723,1.0995879041529242,1.089499550103849,0.03705723451886134
567,2022-06-08,-0.2547799781697949,0.9462207401876046,0.4389369456931705,1.011674810862775,0.6174100008998408,1.740653341695371,0.42295382767088985,0.9820528013324734,1.3895390373070842,0.7471076085447257,0.7186667950636838,0.4483206867279836,1.4257338352588156,-1.4894420808949733,1.9916344741166216,2.698481178227686,0.8242804494515233,0.19650060762736501,1.376875128957116,1.3029416271579601,0.388733093763424,1.3513752397821315,1.2949919924825584,-0.03267702602630036
568,2022-06-09,-0.43499107448974494,0.0908057812966712,-1.1683733399632696,1.1821453423169141,0.7067601943387207,1.3699630175506516,0.1053141377605683,0.43373578312859623,0.8170838891213169,0.31444701278612863,0.6575267700863556,0.515778445621409,0.937554764306948,-1.5621397510412036,1.9916344741166223,2.794045613148698,0.49461709744697385,-0.08184641260931512,0.22905767327466425,0.6809060481031725,0.39911936455573543,1.231745216771753,0.8355795487234327,0.043196794826121036
569,2022-06-10,-0.35484824746234417,0.6951665562127574,-0.3133198753403424,1.2689388560801127,0.8043021390960935,1.3985488610981145,0.2004365459231388,1.1624202415311167,0.9448630891403625,0.8354239063954965,0.7261050869356811,0.6327052277033489,1.1891235502081898,-1.631332220157411,2.1794195443427222,2.8790878960984347,0.7476435753683421,0.5450143056299973,0.7639406076226868,1.2452668591994829,0.3770887596056425,1.3774600971222737,0.9137041773086533,0.0012549677447129483
570,2022-06-13,-0.2703467299394422,0.7120873718815743,-0.2891882927671316,1.3292563122604393,0.8968343347961671,1.5284464956042592,0.380592170611035,1.1840643343549548,0.9373449928074892,1.5775002646418985,0.667673487042211,0.7676207454901998,1.2529467108958154,-1.6840177607429134,2.287123795206731,2.9649518852697776,0.6713895856497442,0.4648208517777659,0.39434338689293724,1.4415275546559556,0.36236599231900096,1.408850525787842,0.7841925949975398,-0.01177473654453353
571,2022-06-14,-0.45649913651814095,0.3892121844696125,-0.634883301209953,1.3547578990054436,0.9674377826928475,1.282291955357196,-0.26545647741161016,0.9820528013324734,0.6036420736897495,0.33759340298808627,0.49924178683798937,0.868759541448144,0.8451685935158515,-1.2186983785104846,1.35996289956896,2.9311770878752554,0.7385509475363297,0.4893917205630037,0.10509338806095943,1.0732697714891146,0.36793351739292396,1.284895861844194,0.4196766688622784,-0.016205045447379
572,2022-06-15,-0.5192072015635367,-0.04148299357709977,-1.1925022989228398,1.3712360965228785,1.0045245191500234,0.7449648396994698,-0.13529606287262513,0.6635798780438,0.549687985443272,0.34386689787091385,0.48618284696405756,0.9571722637425099,0.8788987423013984,-1.3282533506036662,1.5561218164421433,2.863036874441685,0.26126327271494315,-0.21091357308627007,-0.3425554196551968,0.9147519182171366,0.38709526705224145,1.0451230577833155,-0.06645605095881983,0.003004938942819993
573,2022-06-16,-0.7114565859186807,0.010563935923934247,-0.9910200697921817,1.3539892206852155,1.0164409136445756,0.6843641122214722,-0.2893348777091685,0.7161507672947988,0.36599066443549566,-0.4033034918507875,0.20718635373648298,1.0395568458804356,0.5730486640255379,-1.2420802376283484,1.2714854267985727,2.748220039596003,-0.2094670402396753,-0.7325045221596604,-0.22547803917558676,0.8115991695169594,0.4029741638792726,0.8690853682060584,-0.34831722408283045,0.028730324199823305
574,2022-06-17,-0.507869417357977,0.28286478587043046,0.778180147148361,1.3184777074878296,1.0271547298683594,0.6763636442948494,0.2757608477048919,1.2268394057330987,0.5384921576478544,0.5269290679616564,0.21477374935854024,1.1335192845092952,0.7914102621378908,-1.3462305382088824,1.552396924748108,2.6532129411094476,-0.1624013118923751,-0.26346836920292005,0.2520140223883133,0.8733148696496693,0.4113513328923349,0.9063053364729964,-0.2156336425875359,-0.013839600217357053
575,2022-06-20,-0.5652328976291272,-0.21418846801328342,-0.7001166173331439,1.2924127497711504,1.0222354736119286,0.283674730516884,-0.2954686888483616,0.8528350793474031,0.6790533188039134,0.9627523102700775,0.2837849177300375,1.1206018413169399,1.00226343493857,-1.441777234234414,1.7947142875997897,2.6056142862285845,-0.19389512470922216,-0.13135137308018463,-0.032644706620934806,-0.09750963562870209,0.4418716525472898,0.7942755162531553,-0.3601561948056648,-0.0016906174779074388
576,2022-06-21,-0.6302759754399702,-0.5458364652966594,-0.8066158060873664,1.255593051716448,1.0024973581278411,-0.006612939657751384,-0.6205916793178459,0.7813702915535612,0.3513646675218393,-0.16407479239001688,0.19632701484650783,1.1412697504247107,0.6176312371665603,-0.9781234893363138,0.8632573711178162,2.472516684282998,-0.21276499579343558,-0.1657536556926257,-0.025757801886840098,0.19459760885252422,0.46875688381604763,0.6763569039632404,-0.4856646363753438,0.014279957061470798
577,2022-06-22,0.09990846090161845,-0.677308413497683,0.6058920696309998,1.2583755039774134,0.9801143387145964,0.5320635572684893,-0.06580293144765954,0.3837492599403445,1.4076130947017278,1.6447133837217263,0.7180084601538789,1.1286393615255181,1.9176862337164566,-1.1819872637986788,1.6745405742813135,2.4055820341857963,-0.5969246163796065,-0.711271794784728,0.24971838747694833,-0.01442723077765902,0.5268416083772401,0.6640942287553486,-0.4086191301455364,0.029987870401150488
578,2022-06-23,0.38143316665568955,0.32234326414788034,1.2953883797079795,1.267950386266112,0.9732262422574833,1.2008025461687017,1.322601053413985,0.7462951020792785,1.226990987695037,0.8615113831748348,0.698960936741078,1.180883242881277,1.3570648140404729,-1.1538095573691103,1.4628082118675725,2.3520515203063637,-0.3141274341680677,-0.1241822300098608,0.7157322744840239,0.5723098942067393,0.5591369002094546,0.8229980981715882,-0.05950347003657132,0.015659826137219477
579,2022-06-24,0.4796853149084467,1.4188121281737172,1.2953883797079795,1.2960303241225795,0.9820102173242715,1.7128832510652043,2.1172492262518263,0.7944706635258859,1.6722930994257246,1.3175619378292818,0.9774487600888059,1.1976280766491454,1.8639799239544284,-1.3023089389765847,1.8212081161406108,2.3534293862263276,0.13347003745289265,0.5788794773219992,0.7960794963817954,0.3099448511927964,0.6070416074431889,0.9852883501447226,0.22547658733479914,-0.03899763046835279
580,2022-06-27,0.5276568549452431,-1.3549407416944634,-1.1925022989228398,1.3219593573248904,0.9686349789573238,0.6927112863514536,0.05967422598223918,-0.07444128111107146,0.5024720366313891,-0.05888103453543381,0.9988270127706679,1.1831796772265848,1.2828298966160043,-0.8183339873638398,0.9797611529495304,2.2801116325584156,0.16057696945077415,0.3110002901161944,-0.13594827763235548,-0.06080333759727674,0.7026650760113755,0.772904803305698,-0.17581505165117092,-0.013764555170614071
581,2022-06-28,-0.29761449012260766,-1.3549407416944634,-1.1925022989228398,1.2869482380272077,0.9296266413897509,0.4975538785190743,-0.0340147570736438,-0.40737612665262424,-0.07862694894040075,-0.7535313921255719,0.6760468547973637,1.1634686157626901,0.9232382478474166,-0.8866997222870218,0.8974151039389197,2.1646285386716495,-0.4939962871371367,-0.8547787645172727,-0.46881533978026657,-0.07874639884426538,0.7878298926913017,0.515879475413787,-0.5718255494900836,-0.06149122988810782
582,2022-06-29,-0.07495805064408603,-1.3549407416944634,-1.1925022989228398,1.1656316815042764,0.8357095118454927,0.10410198728705142,-0.17762221963109362,-1.658395346855524,-1.5037426635486266,-1.6717385243669023,0.7535094050792567,1.1051009094861053,0.47706581905194984,0.38432397566501453,-0.8547101127788432,1.823423096413174,-1.3641363250826348,-1.874003734647285,-1.630406604930908,-0.47760592040646555,0.8642883834756894,-0.05523651354790217,-1.4161584677214432,-0.0112285033301726
583,2022-06-30,-0.2819958491803949,-1.3549407416944634,-1.1925022989228398,0.9426998672891,0.7052026319983858,0.08534027069799759,-0.4536122495025812,-1.5784433797274697,-1.7795307402558262,-1.2473432999803271,0.5343418536015729,1.0288401522689987,0.18391027337406324,0.5249216427899183,-1.245238472660385,1.3472895769805395,-1.7693757174514273,-1.8291652656586603,-1.5959720812604343,-0.5992822806554906,0.9224647548809946,-0.47077489197809186,-1.8303276213185358,-0.0004517732175325501
584,2022-07-01,-0.5916963756375276,-1.3549407416944634,-1.1925022989228398,0.6767605175547888,0.5582179823112678,-0.14017237899088072,-0.6636593495408337,-1.5470127617954434,-1.5159847096967336,-0.8640633304701418,0.24151747558823788,0.9226300637985008,-0.04469957660142482,0.33370165765313653,-1.3040032203128271,0.8340180591265671,-1.8044288901783412,-1.3432917120015013,-1.2103054161511304,-0.843398675717935,0.9536327274419464,-0.7083130897049627,-1.8627063959227426,0.006755260996125129
585,2022-07-04,-0.5393402005189473,-1.2128413310965338,-0.7936874992939772,0.4010556294149437,0.412428393038476,0.05127884371220328,-0.7910747238211758,-1.1924381545645348,-1.2731759882226596,-0.7361868073792162,0.12894439346701378,0.8357482977343401,-0.2858436015885222,0.4718740927998247,-1.3644018253075771,0.3363338973044192,-1.483708629748439,-0.6845477767298849,-0.6088490693735257,-0.6718580913376389,0.9205237258757627,-0.7840246321539485,-1.6168167798382123,-0.026377154512669518
586,2022-07-05,-0.49749158284487877,-1.3549407416944634,-1.1925022989228398,0.16487660472831525,0.25947399729944115,-0.029850335537737086,-0.7729633432570835,-1.6337319073789298,-1.1143500619245574,-0.7399640122659911,0.047278094686547416,0.7188215156524019,-0.4320156967437153,0.17750783288507352,-1.460021334931031,-0.12442913923218131,-1.481072583741744,-0.8010708209943602,-0.7970911321054479,-0.8770607789650824,0.8772467240705537,-0.9584515567387174,-1.5859004799202074,0.003220614700042157
587,2022-07-06,-0.7089399610492544,-1.2893694788800991,-0.3911227168201166,-0.029387834498420244,0.11240632299521425,-0.038681729573155584,-0.6915490113167204,-1.4462147614927863,-1.034711762068777,-1.175765816075626,-0.11036878041947241,0.5829491502216733,-0.6122586308694957,0.2567847391512028,-1.128886958824589,-0.4883663465122607,-1.2315105173071923,-0.5691927103237199,-0.38158121314840027,-0.9673594255526307,0.8296525966900277,-1.0069252701701086,-1.3496253106374434,0.0100549293202138
588,2022-07-07,-0.5363306285101488,-1.0778611675257095,1.2953883797079795,-0.18267362651452967,-0.01697580319245303,0.13363105742132395,-0.4503663452842707,-1.2854948940252164,-0.781183654078706,-0.3877535964721487,-0.25327061433731474,0.41798861641703977,-0.5783789566205279,0.016453936236822862,-1.4274924374775706,-0.8096024238951443,-0.8882493334946302,-0.16908718718734664,-0.0831486746709627,-1.1276095624395284,0.803900950114972,-0.9360774952875731,-0.960201219775701,-0.009136655610141256
589,2022-07-08,-0.6719948701826248,-1.2350762283438623,0.3844536333081021,-0.3055535119824125,-0.13329414428787303,-0.05277714976821314,-0.3244594214328164,-1.4316038644502804,-0.7211104650530605,-0.4899519202047514,-0.2542978280986578,0.2146584920928823,-0.6155691200915091,-0.2333223755683212,-1.406473673491321,-1.0802660395652768,-0.5008466207696239,0.15256248057018615,-0.2323649439096814,-1.3225527922549123,0.7654802766566864,-0.911209108939085,-0.7258856849137102,-0.017126083936925635
590,2022-07-11,-0.655156833685123,-1.3549407416944634,-1.1070767404344313,-0.41477981291278115,-0.24421888772788747,-0.19806843101274244,-0.29602849974964607,-1.5479493542266314,-0.838619266303791,-1.5785242445259107,-0.34743343518938063,0.04233023143038202,-0.7815089194043225,0.004288815186387737,-1.1256598040145027,-1.2687927573799425,-0.6136638235448988,-0.3218589331789028,-0.4986585936280103,-1.150856873021604,0.717890671015439,-0.9617641483791516,-0.6651091229901676,-0.027930809746722213
591,2022-07-12,-0.5601737033039919,-1.3549407416944634,-1.1925022989228398,-0.5197681844667597,-0.36014185591087733,-0.5324471706908852,-0.5989365000379949,-1.6752405726340769,-0.9884609598868908,-1.5593378441322552,-0.36739283590462085,-0.13334699598568653,-0.9412613403812345,0.3467262264003147,-0.5083464414703995,-1.3247539460784614,-1.2665770831220695,-1.400836584483827,-0.8728470841804897,-1.2624927222390367,0.6502702079595719,-1.1159115476991135,-0.7904742942225281,-0.0004801920860577322
592,2022-07-13,-0.7458331627433185,-1.3549407416944634,-1.1925022989228398,-0.6306630017912257,-0.47152862350174846,-0.4147823808741332,-0.5533476245984351,-1.6247790851844028,-1.0434081531029042,-1.172079101954307,-0.5218311105992849,-0.24673344178527618,-1.0583745175864858,0.24484791487201646,-0.3806461166664932,-1.2929409010462338,-1.6143330037159496,-1.5911133315723691,-0.7328133545872305,-0.7702344865857453,0.5912746587875206,-1.1671085314265786,-0.7178581747828213,0.02373153611082087
593,2022-07-14,-0.6218439848980778,-0.6880692814525861,1.2953883797079795,-0.72988721381241,-0.5591503878940158,-0.4988359469701523,-0.5191193995937746,-1.2211776601621556,-0.8512129774357767,-0.3732614443932288,-0.4397736409004367,-0.31553078738013496,-0.621307573524029,-0.05438618485559863,-1.4435843299788405,-1.3485461132198455,-1.337825910681384,-0.7613914420747053,-0.11758319834143627,-0.474330301789863,0.5569647303004839,-1.014210610885097,-0.31698187384707216,-0.0009385265822643885
594,2022-07-15,-0.607963631236809,-0.6156180963006737,1.2393640627800926,-0.7965938832200877,-0.6261130758938047,-0.4623311636135949,-0.7335526858745266,-1.128216436191623,-0.6279339469649268,0.23875206692504736,-0.5629514207629095,-0.3782043080541677,-0.6664282746439772,-0.2573077233257867,-1.453165451005149,-1.4453815020310263,-0.6786016737459539,0.24118797302400163,-0.01427962733001558,-0.4785216314674995,0.5305800111830586,-0.887038804350698,-0.03948859959431748,0.01537416724958795
595,2022-07-18,-0.2503175093291627,1.1619055124238433,1.2953883797079795,-0.8125127331494989,-0.6660803077869298,-0.4378984988948861,-0.4265919114346943,-0.6864481152824515,-0.21765349649685722,1.0977778455986937,-0.48525813940610557,-0.43733749244585013,-0.35867387819412233,-0.49055980165696195,-0.7144042158044955,-1.4652706151616937,0.09147252682433614,0.982849509327016,0.3713870377792883,-0.4040034527783006,0.514610084591575,-0.6851868978300295,0.3079334481868746,0.035426047847868215
596,2022-07-19,-0.18760944428376686,1.4188121281737172,1.2953883797079795,-0.7520036755577761,-0.6646957354215294,-0.418559762784694,0.10804994155761757,1.047987121138421,0.7838885892384218,1.5886749576353254,-0.28043667673993616,-0.43188346087574586,0.1683266175772692,-0.725636169783429,0.16532518326879678,-1.3370124260317144,0.6936015509388929,1.268698895316685,1.0279386224296507,0.1495770583255463,0.5143084417959983,-0.3238756530524641,0.8536877434898869,0.004452367105805374
597,2022-07-20,-0.4867764687101049,1.4188121281737172,1.2953883797079795,-0.6380908177795935,-0.6336481778212923,-0.16295396345053484,1.1852547593533143,1.2228223610395035,0.9753295469877403,1.1115220486219952,-0.30959934568680797,-0.41829622433267044,-0.11411728185348734,-0.8851305502725776,0.16532518326879644,-1.1436389348609952,1.1650500238254495,1.3858228058755289,0.8236271153181743,0.1609615071765077,0.521727853117047,-0.06823197643918565,1.1128193855013733,0.010165833403748967
598,2022-07-21,-0.45252961481688087,1.4188121281737172,1.2953883797079795,-0.47818240598291234,-0.5785458919388561,0.11943881515440995,3.2471379644820164,1.2045552582988324,1.2574427484587467,1.008963714699448,-0.2867725628034835,-0.40614425925541603,0.06973677113365569,-1.0336374245184157,0.5825462761639538,-0.8819571780359069,1.391126311387157,1.266825672635981,0.7157322744840239,0.161987224416985,0.5548918161996627,0.1478994490897968,1.2537627091844732,0.0017574696966461256
599,2022-07-22,-0.5733276085493438,1.4188121281737172,1.2953883797079795,-0.28679253919259257,-0.5095836236985685,0.15622403156142595,3.313565673518909,0.967144201109412,1.3367378838576962,1.0672990635562036,-0.33984455528718516,-0.3786827318761058,0.1374052507559879,-1.1519720159559488,0.8474644990410225,-0.5744845649338252,1.2747515275215915,0.8011243222449865,0.497646957904358,0.26330003030415466,0.6220830014119137,0.2786336305931556,1.2230901805568037,-0.00043907794338791137
600,2022-07-25,-0.14921145658530358,1.4013936066604513,1.2388698781303875,-0.10522611456154769,-0.4354817246495241,-0.2117178875818981,1.0642702661524086,0.6285326185431311,1.1460055156652793,0.9329755670067804,-0.16830189290305594,-0.33141445826851146,0.24539616959091132,-1.28499498296159,1.1703783660107343,-0.2293761904775552,0.8617396193217579,0.14557135343885225,0.23135330818602917,0.42064122983699076,0.659270448564519,0.3383191329328672,1.0792238075472296,0.023009480496006693
601,2022-07-26,-0.40982482579548185,1.4188121281737172,1.2953883797079795,0.057355898066437185,-0.34770996747056243,0.051056578931799476,0.9639041552417679,1.2262317902771227,0.8896621540468621,0.700340842269641,-0.10240118178611701,-0.2370692805821049,-0.08906486499603415,-1.0456485221005716,0.47147887322801296,0.021545182322163205,0.7849479330540399,0.2554239198222409,0.48157751352480366,0.917522295262913,0.6779506780348826,0.5002743377615777,1.1358956878506028,0.01109699821173099
602,2022-07-27,-0.39991399383547305,1.4188121281737172,1.2953883797079795,0.21083779392544721,-0.24952353483859768,0.3246072826674703,0.8303166657196834,1.519442704712663,1.0807172850418154,1.5661630360325471,-0.24270045197237294,-0.1326772026349749,0.17069823559911965,-1.1540487060262883,0.8746722393675345,0.25308994837095217,0.9819095448010988,0.752457375336339,0.5458552910430209,1.0340220933363775,0.6569252045074324,0.6430046159161283,1.1489443612808383,0.0
603,2022-07-28,-0.5314530462889926,1.4188121281737163,1.2953883797079795,0.34762315582829456,-0.15097821714684664,0.02357435736974219,0.3311859102183765,1.438331216613534,0.964190946169411,1.1638365598224214,-0.42627328691174227,-0.04962282714633077,0.04017606275402817,-1.2412856312332874,0.9496883780374625,0.46499379408747,1.3418028170790428,1.2327514655977057,0.3667957679565585,0.7966572832524179,0.6426362938760515,0.6966618798582305,1.0097825481153933,-0.0008492569512552504
604,2022-07-29,-0.46194749963751747,1.386277472706907,0.9912872965325195,0.4649564975740727,-0.05917207757100162,-0.4572686667632603,-0.23966596579074256,1.4163457343129806,0.7993283521207812,0.6968477410741344,-0.5437589706554407,0.034675450279359164,-0.19141318382124572,-1.161206617611392,0.6030635568106547,0.6073145278050482,1.4197312567482308,1.1129977803885351,0.2129882288951099,0.7975396521258121,0.6336732272061966,0.6886498833603363,0.7948777575869076,0.018935975019472456
605,2022-08-01,-0.38341323695964696,1.4188121281737172,1.2953883797079795,0.5765189260040157,0.034264089909603744,-0.6640319121822663,-0.1769838006908259,1.677026106310253,0.8429426781293119,0.9343508312934179,-0.5076689304444408,0.11686866288850967,-0.11686588727821794,-1.2728005423968147,0.8964943359078649,0.7382936667963258,1.5442453207640243,1.1121452783767036,0.4540298945884248,0.8328100182250168,0.6162964439270865,0.772388419088747,0.7770516474711967,0.0004167534963424063
606,2022-08-02,0.1021137507356518,1.4188121281737172,1.2953883797079795,0.6735374290901415,0.12207627083501664,0.028359654640561147,1.3275048747869398,0.899214361603233,1.0108459897090838,1.4936016604472377,-0.04240421861694617,0.16509378413998013,0.7323760661385094,-1.4194872628461452,1.6602489182565598,0.9459186922233364,1.0340793504233263,0.27417044807505825,0.2589009271224079,0.49152591315852023,0.6153451794146951,0.7874418136370657,0.6474320409563085,-0.008788506033079348
607,2022-08-03,-0.1430625896362929,1.0127432851413158,-1.1925022989228398,0.7544111344771078,0.19398909600928307,-0.023879983506815854,-0.011197158566423806,0.5897142069918977,0.9244486506218628,1.0158549948451445,0.1283955448487292,0.19341647439878235,0.27334335157613854,-1.5157277277871959,1.6602489182565598,1.1756997800826998,0.3554768176528051,-0.5644086436936417,-0.023462166975475197,0.3655310229344363,0.622825757165977,0.7000915506957305,0.3717463956627762,-0.012690525644044907
608,2022-08-04,-0.4068152537866834,0.30617237794063346,-1.1925022989228398,0.8029812139554218,0.24218589534253915,0.0913799113506168,-0.37880530341489077,0.3209713577910392,0.3869840475817575,-0.5939569216670099,0.2146823541221874,0.20499433088971103,-0.08845971787558622,-0.8286319698273528,0.09597538986898906,1.207295485149586,-0.6390056672551094,-1.5304794836073918,-0.3012339912506286,0.15192611652358545,0.632431314296797,0.5300494142180299,0.012314441304356313,0.002551021791605426
609,2022-08-05,-0.5033031701722138,-0.1578859161222577,-1.0146334739843816,0.8193344911965575,0.2729840407749773,0.5542876839674276,-0.2530890337447231,0.24351906473483795,0.3279813891971926,-0.5482313056974764,0.17461363162628069,0.21437143779971776,-0.3610606331989814,-0.9882076986006858,0.09597538986898937,1.1351969577658705,-0.8898759624238622,-1.1953613666706235,-0.24154748355514102,0.1592607648772856,0.6490290856012797,0.41605955277311546,-0.1810896746823522,0.027226812700213952
610,2022-08-08,-0.44783364469970394,1.1305564683971447,0.2895118499016464,0.8157885958686147,0.306903723582191,0.9713427867934644,0.17080984098505586,0.7709888647075708,0.602560877527813,0.18286989571970208,0.24746074008597263,0.24566035575454287,-0.3871370198763933,-1.1415218563188625,0.3721116519613073,1.0497480956293994,-0.5275240721025731,-0.13585650471305596,0.2772660064133272,0.41864420092741755,0.6738181591286471,0.5024811365909211,0.0007839599780436669,0.00535752363279059
611,2022-08-09,-0.5085958657738938,1.3656702491482744,0.4592931692774367,0.8275423418754874,0.34207756645447945,0.9826236802684876,0.12457821437221242,0.8353868937956027,1.3043394751352866,1.289194615490674,0.1630715892729984,0.2612569723497582,0.03601270778212076,-1.2533424209241202,0.9708520008999224,1.0374676605852378,0.09058526515991151,0.7290435079465969,0.3484306886656392,0.25231950935456615,0.732043057813088,0.563872376748389,0.10424366800877424,0.0032827276094374268
612,2022-08-10,-0.46615052261532225,1.4188121281737172,1.2953883797079795,0.8719439969470801,0.37582133366608045,1.535235351584628,-0.0852894162394167,0.9066541305564789,1.1703960312961028,0.9923812257299589,0.020030766373998445,0.2673807972705826,-0.21623543543182913,-1.3427642112123512,0.9708520008999217,1.0635205401836139,0.7258924072234797,1.2530303233044384,0.3576132283110989,0.1796222796711671,0.8042941490095339,0.5937484683518209,0.13408081384177845,-0.021114425467403747
613,2022-08-11,-0.4982958650196439,-0.7368269679895646,-1.1925022989228398,0.9172542632897468,0.39093880536462255,1.0722136464424357,0.16318750678982485,0.28088072852645074,0.4695085594977226,0.15165717808597146,-0.09020580848694411,0.2566641036591408,-0.4418577635550502,-0.9367741824329073,-0.09309546996856487,0.9772773626798832,0.535623335320785,0.443998654966282,-0.14742645218918,-0.013990428278055411,0.8683676843423664,0.44174055464523343,-0.14752901562928233,-0.013479563828240105
614,2022-08-12,-0.5694878097794974,-1.3549407416944634,-1.1925022989228398,0.9279677496999552,0.3833703949815202,0.666741329151289,0.3404513775488098,-0.11176140608062501,-0.03198287192289114,-0.5408697061966834,-0.13223815033487452,0.23924947654055734,-0.6538032896764068,-0.6873540823834875,-0.8132025441784364,0.752977889163259,-0.04345644873089173,-0.597900899460441,-0.46881533978026657,-0.12786735477538647,0.9476902550239179,0.2385003448656329,-0.45886303002235146,0.12013631014570363
615,2022-08-15,0.7736115329056701,1.4188121281737172,1.2953883797079795,0.9759326603446009,0.4393756371234099,1.4807818925888516,1.0751183425217254,1.658245459841507,2.3571282195866705,1.8530769338430357,0.824411672335362,0.3346471866352328,1.2999729272362848,-1.025505815875469,1.2615120003753124,0.7295216157333972,0.30070197440609225,0.23412216118409174,1.88421044436876,0.8262876797963057,0.9234880572444079,0.9248768238320753,0.7862071998024854,-0.018599890926280668
616,2022-08-16,0.8740949155787433,0.6845712412296804,0.6749112445341244,1.0566105275064026,0.5144862625835673,0.657228601225805,-0.3157309745654372,1.013760940692965,2.1098321921466505,1.3266182886458684,0.771495256111495,0.4033488474656989,1.069474549095156,-1.165386972819098,1.3707612693395208,0.823771922913732,0.7553114224572126,1.0038251991038833,1.1128771141501523,0.6395473692407453,0.919838581121817,1.1605751271104514,1.025336108344283,0.052614260607835375
617,2022-08-17,0.807469218004653,1.4188121281737172,1.1842937895322836,1.1895227420658707,0.6298186925216134,1.3945345847044588,-0.0647272638186595,1.5782409263060537,1.8820359181281494,1.1604920564331407,1.0228879652103704,0.544292505408983,1.2952713863117657,-1.3149116473447913,1.6808907446717682,1.0081967893099648,1.7019872588849998,2.0637571197518056,1.886506079280125,1.2555149278871893,0.8730773840590125,1.6336844641233192,1.6153780616601372,0.08598091773796843
618,2022-08-18,1.4815874033892285,1.4188121281737172,1.2953883797079795,1.4010447052721846,0.821786990909457,2.3148795688498844,0.3067509047121303,1.6367146607560839,2.0047252154454656,1.4486754751460107,1.7694929820628418,0.7868533831321564,2.656766665821148,-1.4742721840331137,2.1971568673972954,1.286522316181731,1.6966792871151015,1.4652683835831535,3.1628790899990116,2.328093202473785,0.735477492515542,2.5196821112952277,2.7808697069950368,0.0036623979675021196
619,2022-08-19,1.3058906650824762,1.4188121281737172,1.2953883797079795,1.574948153432801,1.0445009720120062,2.9158259605833767,1.0925499817318671,1.4434069465834323,1.6393877007036437,1.1918021246140658,1.7835213948471371,1.0404180087599293,2.3813615450788177,-1.5594633436757959,2.2694617251094797,1.5988520227367424,1.8981231720106309,1.3656591897285422,2.267581474566699,2.3407869547422995,0.6677812401466923,2.9701900736842384,2.98184526594959,-0.004329731992935085
620,2022-08-22,0.5920253735127345,1.2926836889025493,0.9114627167653159,1.7023006609567781,1.2609023830162378,2.082801561108931,0.4413912295276056,1.3856249487769385,1.158212387382208,0.7249983301164613,1.7192146228259533,1.2581965325066489,1.7194441444390203,-1.3079270798727087,1.7924449572859564,1.84487184801452,1.7487012431055995,1.062544893958158,1.2138850502502079,1.985789456575933,0.6490009425795888,3.071983103505525,2.556948708966698,0.016222835506887166
621,2022-08-23,0.2149727010655946,1.4083002937981612,1.1624993274059456,1.7920252503190568,1.4639397704954558,2.2045026221967534,0.35521007912877534,1.5415033891866594,1.0787098542245805,0.8231612776223336,1.4747493661291975,1.4858305869853168,1.762960221744081,-1.3974414118866252,1.9308460814805477,2.0538520979270003,1.6627073598940032,0.9137510851525893,1.0646687810114892,2.1067570714534702,0.6296714927060783,3.1282761369498515,2.1406128788061176,-0.048790164169431945
622,2022-08-24,0.24854499571546726,0.11583122210962,-1.1925022989228398,1.8150716064275123,1.6006184698827521,1.3833788074244031,0.6206373361350737,0.8990746463124802,0.6877699220330497,0.19559066881215842,1.400863581061237,1.6505040664967858,1.2222942860605288,-0.6906642590306233,0.7913060765014905,2.0879308910888246,1.1145804926316902,0.2043352453285296,-0.45963280013480695,1.5387713275403099,0.6590848221903165,2.6234847241801194,0.8651863548861253,-0.006920442844573795
623,2022-08-25,-0.0034807154351222595,-0.042233916451642546,-1.1925022989228398,1.7785089844829627,1.6756908977647225,0.9068964509867717,-0.012437040179434537,0.8108544198659541,0.4202915673494505,-1.2046949591150664,1.324970619173842,1.8325921731268449,0.7641780278017615,0.10170068187199782,-0.36252405585607855,1.8893058077589762,0.3314298917439314,-0.6837501229916618,-0.7764304179031637,1.690671856707977,0.7031754305837163,2.143975042410531,-0.11269345210794077,-0.004524107246621707
624,2022-08-26,-0.4071265888220763,-0.14864916384384622,-1.1925022989228398,1.7113150344797103,1.6981161369632487,0.6216008003932589,-0.4236457670267489,0.704019023621494,0.3776876206331218,-0.9011169507904377,1.1719424135822791,2.031520798289162,0.520248516512931,-0.1681074983316142,-0.26355391251889515,1.6002359779847806,-0.6030931183737005,-1.5012941481272903,-0.7144482752963113,1.7876262275937822,0.759978752842577,1.719986640323811,-0.8017476725391514,0.026503013965396924
625,2022-08-29,0.2159845399306217,0.16284062540864297,-0.5059953156398708,1.6165333759277072,1.698864676363619,0.77121560650753,-0.5552857662719145,1.0598835047051942,0.3194538766688265,-0.5978624761301069,1.4271673603521313,2.1127571632544377,0.08341099924875128,0.32126738964372104,-1.1587187022876484,1.17947097222591,-0.5471683990969444,-0.6947696737149971,-0.030349071709569908,0.8155963867912095,0.8054229488265251,1.594583159196808,-0.8515088763159737,-0.010929070532190317
626,2022-08-30,-0.15066435341713733,-0.11044469574626811,-0.9963306959406587,1.5223884631834181,1.6712290123774383,0.7716436996560327,-0.49611616044115664,0.9119917723067731,0.34063562876036413,-0.12447102813150833,1.2830723907327075,2.204805906595535,-0.0804722677366731,0.0206214244888909,-1.0251486796004028,0.7421489054808671,-0.18885461802942172,0.20418655002848615,-0.17038280130282907,0.8918511565386642,0.8650751232962485,1.3567481513256767,-1.0801499013035007,-0.03210324538441743
627,2022-08-31,0.035669665265540655,-0.8353110766209487,-1.1925022989228398,1.4258153344570375,1.599467406701874,0.39349889787738823,-0.7108526198897757,0.48680304166131194,0.08047042189990831,-1.0313697075345247,1.3734045044917467,2.1974381797376714,-0.3845526181501263,0.3448126961963589,-1.357801618141324,0.29151874955591045,-0.13186238249663723,0.1136603364564204,-0.6065534344621608,0.08126965703662277,0.9450392203991951,0.8971534751351739,-1.635514618393154,-0.002840911001603641
628,2022-09-01,-0.3563530334667434,-1.3549407416944634,-1.1925022989228398,1.3097434507279186,1.4979591483688905,0.15365588332341507,-0.6905960466589912,0.44983010856170774,-0.2951840951658699,-1.6584131898992547,1.1687286872540352,2.0758228442007316,-0.5938521125715222,0.36850027235097677,-1.0495391619978853,-0.09152867426125415,-0.5692363590736264,-0.7066495915786554,-0.5560494664121329,-0.697972671167807,1.0466622706027693,0.5536953613168066,-1.88475161359255,0.01131553799257602
629,2022-09-02,-0.38826487459452036,-1.1481712911931319,-0.5260116306757325,1.1876816585492724,1.3869208981486996,0.26425919143289506,-0.5355793397351771,0.10648034219290237,-0.3269266009593404,-0.6195927153222583,0.9798115327143264,1.9649242022752267,-0.6059843804627723,0.08500433841723463,-1.31300964067111,-0.4409508878158966,-0.7895699726667725,-0.8713703658564917,-0.25073002320060067,-0.6335223279231357,1.1594338408455325,0.40503395780049367,-1.7569743951071262,0.006309169193264756
630,2022-09-05,-0.4276747011580107,-1.0310526508141495,-0.14796575290569466,1.06135967901993,1.275939595552027,0.48453270467131715,-0.3415387216148114,0.1879384991061707,-0.4459397429788978,-0.21247994039802226,0.8328738925408153,1.8579486356896242,-0.697755773266592,-0.16745768166787703,-1.459107346836213,-0.7625068114423946,-0.5528798123292086,-0.24495228866585447,-0.10151375396188193,-0.5431042220484512,1.2572530051817898,0.3423138690376666,-1.5104116499261282,0.02211562146367342
631,2022-09-06,-0.3570794818826603,-0.6311126591463595,1.2953883797079795,0.969673523286665,1.1814840247637646,0.4891208504020023,-0.46286403693059097,0.26445959447649897,-0.19686510667689938,0.768692240085123,0.7279120307767769,1.7488680042874876,-0.6147169747355937,-0.3934844781385111,-1.1953240669564078,-1.0114326842450425,0.17881599523966477,0.8276170640282973,0.43566481529750556,-0.4926069768176683,1.362448107301749,0.460226566055071,-1.0097833677113763,-0.007891617555439745
632,2022-09-07,-0.46672130351354263,-0.8818563112378064,0.5724134596283255,0.9299706731209728,1.092631886213881,0.18154539362649053,-0.40764298927595666,-0.23754752851596792,-0.0023933456006320812,1.2304808659990414,0.41735403461968507,1.6867685921997788,-0.6932071896337683,-0.552630395023655,-1.085284181140229,-1.1895647670237082,0.6973891592043729,1.1844772195344895,0.26349219694513776,-0.13381300017804343,1.4805874753324477,0.44395174007571503,-0.834652640653215,-0.011084283903565915
633,2022-09-08,-0.543543223496752,-1.2282030788085454,-0.39478603731294265,0.9178545978475202,1.0009952936853448,0.2678837247292622,-0.2507778614799187,-0.5636012309382179,-0.023664768090881257,0.677295934515622,0.41228047827289904,1.6195978875995196,-0.5962367610282381,-0.7384324129667192,-0.645003047947668,-1.263352700278577,0.6788040930554184,0.6300560335950658,-0.06019232555731366,-0.17101602891628698,1.651858663269276,0.3226508169255093,-0.8709424838031636,-0.012618463959211462
634,2022-09-09,-0.5257192927205059,-1.3549407416944634,-1.1925022989228398,0.8702721042306588,0.9013755522805376,0.29470620810653275,-0.18136254621325745,-0.8531244137886553,-1.1269338087723983,-1.0719368614087452,0.48375113544409093,1.5447724018482274,-0.8026689081120763,0.32964013904330475,-0.7627081302567599,-1.292232097363972,0.1389030632516045,-0.3772055509249327,-0.3792855782370353,-0.24289560909275074,1.9010347569506636,0.1322537687536505,-1.0160233362169984,0.007029905928258146
635,2022-09-13,-0.564947507180017,-1.0629587458948042,-0.5828179894464828,0.8082523753076011,0.8040855021498473,0.28397734446652667,-0.24607861753987204,-0.4910033362582626,-0.17531439339703872,-0.08784486647579724,0.49896682659847813,1.4421983344244655,-0.42769240762588917,0.02260683039270091,-1.4429525449475666,-1.3787836692124706,-0.2588864492866081,-0.728652272321003,-0.23466057882104638,-0.4134559058762985,1.9697650201598986,0.061774538921812915,-0.9306825088628221,-0.007382701839484869
636,2022-09-14,-0.6020223209780603,-1.3549407416944634,-1.1829496981813892,0.6953786734424439,0.7063687075576182,0.1046427220555123,-0.5390349241050979,-0.49984608733958136,-0.8919251557929344,-0.9052479939099386,0.4146294599820838,1.3413465927596824,-0.6311110270942195,0.22071004786682197,-1.1364341282554171,-1.4503205979502816,-0.3380567310736813,-0.450204035207923,-0.36551176876884583,-0.38264095552871347,2.0844677923909942,-0.045373803602467906,-0.92399670220327,-0.021398819375848848
637,2022-09-15,-0.26736310251692647,-1.3549407416944634,-1.1925022989228398,0.5131387057302448,0.5984852145044328,-0.11285945247179957,-0.7589384666955413,-1.0103318548137943,-1.61350396167926,-1.2302154628138215,0.40170865164630515,1.2622152926109407,-0.8203875756322672,0.639378861122945,-0.468124824808585,-1.4268702981848107,-0.5550789586190809,-0.5693307881177769,-0.647874862866729,-0.28896301397459817,2.0955403348489385,-0.27674452138431976,-1.1272831963378342,-0.0032496869183416964
638,2022-09-16,-0.4943782324909493,-1.3549407416944634,-1.1925022989228398,0.3348801944735157,0.4868963048831957,-0.2779213132934342,-0.7579706032486406,-1.124376547547395,-1.312572703908116,-0.9472071296486583,0.33262683656208797,1.1855717963362804,-0.9774105765249156,0.31816140100885704,-0.468124824808585,-1.356871436918929,-0.9027606177168142,-0.9574136496112745,-0.5376843871212137,-0.29255879186159817,2.066597003050011,-0.43340284655148,-1.1644307268455587,-0.024900590816705148
639,2022-09-19,-0.3325877924317486,-1.3549407416944634,-1.1925022989228398,0.09795723802030482,0.36327368386070913,-0.3031799093020797,-0.7648642347058553,-1.0394386292535243,-1.8453859061865128,-1.4062695794560087,0.5123420581570888,1.0656787865583193,-1.146546177970544,1.1297767133877334,0.4345610233776983,-1.1587730254454585,-1.1010892005415178,-1.011976698669937,-0.86366454453503,-0.605368567169211,2.015162824074995,-0.6995424030576429,-1.3780257051543305,0.0011117288526904154
640,2022-09-20,-0.5915147635335484,-1.3159498475287377,-1.0838846816247933,-0.14090546382857028,0.23924503763283114,-0.17342563100273392,-0.6530913080218719,-0.9937667039139415,-1.45551559923386,-0.9677049093522301,0.19454505502485356,0.9347820288757569,-1.237972027039902,0.8339250361428703,0.434561023377699,-0.9114889994965628,-1.0019395658618586,-0.6355525660882452,-0.6593530374235536,-0.649338086254235,1.9751916760635928,-0.8257781724843558,-1.313929155130887,-0.00482644337692923
641,2022-09-21,-0.5500293700674384,-1.3549407416944634,-1.1925022989228398,-0.34141009038895503,0.11871353990600196,-0.510563438741583,-0.7692952883851895,-1.1203060510655924,-1.201565804202413,-0.6959758979757321,0.18787637655621037,0.7626451377420352,-1.0591521062528317,0.4759415788358036,-0.17866841113468515,-0.7340677825059677,-0.8843314004596958,-0.4202412921741103,-0.5399800220325786,-0.8736367679273205,1.960027614338709,-0.9057107719508829,-1.1848843768392974,-0.0014897581898671915
642,2022-09-22,-0.6286933556767226,-1.3549407416944634,-1.1925022989228398,-0.522936331372967,0.0061177240089955185,-0.2823495007586174,-0.7685185321447694,-1.159241234804565,-1.1575358940718643,-0.9112678454920546,0.09442368115790498,0.5998853535183186,-1.181468501566442,0.51176761734019,0.09341123333890734,-0.573599551987054,-0.8158436719283211,-0.41056791826440364,-0.36551176876884583,-0.8208859338351593,1.9153972263199759,-0.9295052930952147,-0.9873629975532391,-0.0295028962381567
643,2022-09-23,-0.4429560624785478,-1.3549407416944634,-1.1925022989228398,-0.6773725101398772,-0.11193335109506784,-0.6649170299799433,-0.7629976781058817,-1.248048201376227,-1.3662599735916359,-1.6725211459192566,0.21268136391907055,0.4273657233270482,-1.3125117462021154,1.145533435552707,0.7660818866804193,-0.3528615253807048,-0.8744538722082908,-0.575476555344047,-0.7924998622827181,-0.9717466278307297,1.8370525499308965,-1.1209126551563804,-1.1108565991630879,-0.03754840782104498
644,2022-09-26,-0.7011825297507135,-1.3549407416944634,-1.1925022989228398,-0.8334084251504384,-0.24666836120289848,-1.0941187848223648,-0.7554306031905846,-1.6442014727598913,-1.5460743084338229,-1.513381490698914,0.1688167560055311,0.23513503167187794,-1.4114818781060439,1.3233293747663943,1.0568181864687358,-0.0839435592840385,-1.2226882665320256,-1.0933869186395444,-1.2676962889352532,-1.1715636961542153,1.7168527258917503,-1.4544892212336722,-1.448428847617173,0.01934143577236563
645,2022-09-27,-0.5932530508144923,-0.8742105721286441,1.2953883797079795,-0.9797637083334281,-0.3722952963186772,-1.3935264471601305,-0.5888381972586428,-1.285058073391988,-1.2125961046678821,-0.8478526388632575,0.058195567426077385,0.05524767462274072,-1.4921102803269102,0.9549838671132338,1.0629807201658974,0.18835491924024297,-1.2917446169934081,-1.0237753951163477,-0.6455792279553642,-1.073507566558728,1.6547228220580839,-1.462365841365885,-1.1714639904041138,-0.03662829841449833
646,2022-09-28,-0.637618293357987,-1.3267607825986367,0.2052780543955275,-1.1201941065447385,-0.5037640587272129,-1.2979327049668068,-0.741912438993005,-1.4341776701570548,-1.3733346757450728,-1.0228255622182052,0.22565970751617437,-0.14234136383814447,-1.5840433868665036,1.4524524146202753,1.4857559252915467,0.4916986785205404,-1.417992561824662,-1.0341349107358166,-1.125366924430629,-1.3044792598387662,1.5537995547968853,-1.659057580233232,-1.2670126599941367,-0.022970657239588823
647,2022-09-29,-0.45548729765311385,-1.3549407416944634,-0.2633229260077019,-1.2352667795522065,-0.6417250415994084,-1.5450828130641012,-0.746652896741174,-1.4949558008455217,-1.2383601118504621,-0.9659027370536007,0.7582589481226383,-0.33170151256167774,-1.253288161527998,0.7931008008376172,0.44017495709250826,0.6586314333806079,-1.3061086868676541,-0.7867506834211812,-1.2332617652647795,-1.316702846792169,1.4344517942483659,-1.8626660558960895,-1.355068458916134,-0.02563704182578802
648,2022-09-30,-0.7157893318278992,-1.3549407416944634,-0.6758055945164823,-1.3282972834032511,-0.7869723320968045,-1.4808012858322064,-0.7423017568331612,-1.6946000112153965,-1.356047950006933,-1.41255716253634,0.592690572993615,-0.5379021798174721,-1.3560724406591795,0.7819860134527659,0.6546386340415914,0.7684891274364608,-1.5987120550172986,-1.2123710122538127,-1.3090177173398214,-1.488731209645347,1.302555500747004,-2.0751935565871915,-1.4404928633880876,-0.03729833902537538
649,2022-10-10,-0.6854601104633697,-1.3549407416944634,-1.1089340037734843,-1.424213360028328,-0.9447182221545447,-1.4278833758631777,-0.7279619140688977,-1.6780062067171224,-1.464907876668878,-1.4174642822194223,0.47282412326516554,-0.7441028470732615,-1.44842622178319,1.4828881074862001,1.2015804816313582,0.9069475317653742,-1.7817614456604238,-1.4062466731725618,-1.6120415256399887,-1.5823537253506252,1.1489267365669555,-2.352211822730265,-1.6171465277651462,0.012297036819958237
650,2022-10-11,-0.7232094835047644,-1.0449110084587423,0.023258564249390937,-1.5071445483374843,-1.0923201861351854,-1.3190997366493282,-0.6060770235006243,-1.2321755067136986,-1.2968685255628427,-0.9852157738542359,0.48602913339708076,-0.9411177769478226,-1.5387364696558308,1.6297665572644795,1.4470587801315236,1.0786265749328803,-1.647488975479356,-1.0076626492972356,-1.0174720835964786,-1.4979383325659439,1.0373025213557123,-2.3439358126954253,-1.2793093162190528,0.014731635567961122
651,2022-10-12,-0.7063714470072626,-0.6553936296843721,1.2953883797079795,-1.5738723538143617,-1.2147394800189528,-1.5095383874040196,-0.6464125104523317,-1.0429447410612604,-1.0826816581563097,-0.6597176798755302,0.3916910550461952,-1.1138287766678718,-1.6096474990466882,1.1841370450773538,1.4470587801315236,1.2532403078615033,-1.2510312082959327,-0.40221226207262517,-0.3218947054529127,-1.3480456631919495,0.9696464110348328,-2.1471668934583037,-0.6924601520260476,-0.013423020332140661
652,2022-10-13,-0.6974983984985637,-0.6699783297565708,0.8826418605112698,-1.6066116526009824,-1.3180872408436963,-1.4634472321432725,-0.6380003369648356,-1.174584902838915,-0.8422822272288284,-0.2418458790521617,0.29943625853246053,-1.2940031880101686,-1.1469665174958354,0.7973273548317497,0.22912096136203544,1.266594002534543,-0.7661698627223981,0.08939011679657313,-0.34944232438929157,-1.4398503266701104,0.9031233386152575,-2.023072108341073,-0.34503917027218745,0.007383312585064744
653,2022-10-14,-0.7101334120182606,-0.4235818394687359,1.2953883797079795,-1.604215872608692,-1.3962984439865562,-1.2874050437893174,-0.338746648259612,-1.050890081832927,-0.7775419972889817,-0.09639255757982367,0.16688725290587866,-1.4303539772628386,-1.258045947501261,0.6716882806576508,0.3699542444253905,1.2137538708267814,-0.21826810276458833,0.5262181547505529,-0.016575262241380485,-1.1525010622926108,0.8543245794299144,-1.816947299212504,0.07066945747578893,0.02563147579102492
654,2022-10-17,-0.6231412142122151,0.49500108665468007,1.2953883797079795,-1.5696517047769094,-1.4370972700662674,-1.099800246536234,0.22247733944314457,-0.6795189687276548,-0.5534665847760192,1.411350029491304,0.10280888298718066,-1.4980031056850442,-1.1345276213478996,0.34744132601707356,-0.1364277519742014,1.069711706850523,0.6943188708784547,1.437227407620167,0.543559656131656,-0.6350115223349923,0.8321931839647878,-1.4525840710758344,0.6690024468994414,-0.005922183129274413
655,2022-10-18,-0.5690726963989735,0.40958093542073376,1.0623064954552246,-1.5062478229443204,-1.4513714884106823,-1.3202399634427842,0.051634509381191324,-0.679639153553903,-0.3261333272415119,1.4683554384683972,0.005389269011397049,-1.5901475337905306,-0.733591951095945,0.07456503238455296,-1.1279347828285555,0.7700019949046283,1.1230091764721326,1.4540572410073407,0.24512711765421852,-0.8458699907530459,0.824287914713973,-1.2111865658274348,0.9411442836577101,0.025137477767351875
656,2022-10-19,-0.3834910707184952,1.4188121281737172,1.2953883797079795,-1.4190145665217506,-1.4305044139783916,-1.3089791709781815,0.30034666148586275,-0.1636653284247333,-0.11410298676022361,1.2333691429693527,0.04074783120370102,-1.6152169420601472,-0.7532934596239353,-0.1995562337274711,-1.4091078240864086,0.38105273729227446,1.493309561340764,1.4349939880999845,0.6239068780294277,-0.3207878881780665,0.840735662167688,-0.8521315206242775,1.3564670582023284,-0.028963199755495973
657,2022-10-20,-0.524577730924065,0.7624494698711295,0.25887373060216406,-1.3215473752986742,-1.4006347228954323,-1.51821705059804,-0.2812867647672866,-0.4991193513761531,-0.17912609520972048,0.48559003980324494,0.06064251404103089,-1.641912991324353,-0.9310162533356827,-0.4360925050542774,-1.4091078240864088,-0.02167594095706034,0.8433224069087761,0.13929034978846042,-0.0877399444936925,-0.37316397611727464,0.8389876482342981,-0.7909082075110447,1.1885081081694324,0.013536585717533321
658,2022-10-21,-0.7041661571732292,1.2204139820726136,0.7042707609018449,-1.2270929754941304,-1.3554658151850063,-1.3908704984023526,0.08153938620788131,-0.22780459169632475,-0.13446134879704694,0.2172777483352013,-0.13744199606019586,-1.6300480805402615,-1.0521232404281797,-0.5972772048904992,-1.4091078240864081,-0.398559125388582,0.7907813465709169,0.17966823057483186,0.0844326738586753,-0.02502870735628869,0.8568481122199911,-0.6358784818345025,1.2116915820527863,0.01086512986910377
659,2022-10-24,-0.36579686287366275,1.4188121281737172,1.108041826344061,-1.12627564234479,-1.2934246056231968,-1.1628567128110159,0.2853300812723821,-0.007361349456465698,0.3751199652335438,1.1143290702788404,-0.039948513187518755,-1.566513396986735,-0.5087357553533751,-0.7932634211488552,-0.43303706740121617,-0.6124775610547938,0.438456129547318,-0.04399003334989211,0.18084934013600126,0.4221192061195229,0.8724421135036391,-0.4473931495589123,1.2864280382133189,0.0008309098940873815
660,2022-10-25,-0.5398072030720367,1.4188121281737172,1.1887280064303758,-1.0255157754979702,-1.2202976687420557,-0.9511080954341128,0.33465013194652143,0.00959582302352308,0.5668208163269814,0.8860047821081646,-0.17595398326046818,-1.5093895926471943,-0.6840224996229032,-0.9265026490521174,-0.43303706740121667,-0.7257879872965645,0.6492458262831562,0.43764180325539376,0.139527911731433,0.31370671483628304,0.9005345866189122,-0.3126767987910412,1.2559106143944008,-0.00959740310626989
661,2022-10-26,-0.4628815047436963,1.1719960051585856,0.0070354056897306404,-0.9235054363390042,-1.146491220269777,-1.165618210398964,0.21009752750082122,0.8065145538875371,0.557915585779224,0.2365938786002554,-0.3686800284839626,-1.4760912946402294,-0.8244426095480244,-1.0332389975791114,-0.43303706740121667,-0.7785179657714348,0.3964297831034076,0.12432356991497881,-0.12676573798689586,0.08775115158545793,0.9358029451813733,-0.28482179602687396,1.0520198926932733,-0.02633967055203248
662,2022-10-27,-0.4367293617706889,0.5574753141744244,-1.1925022989228398,-0.8535484189137867,-1.0880711516460675,-1.190161961504259,-0.3774461483799295,-0.06466018227191223,-0.03962612417336022,-1.160545530175192,-0.19137027146047775,-1.450926201606227,-1.0145650645211615,-0.19342311883072152,-0.9301283833026968,-0.856645403914414,-0.24676616359190393,-0.8068626674170808,-0.5744145457030522,-0.029996566296115555,0.979748432735349,-0.4295472599848389,0.5990533363823901,-0.06307596656878016
663,2022-10-28,-0.4784482565133436,-0.8636368885648332,-1.1925022989228398,-0.8871328345759385,-1.0734847203409674,-1.1586181148167538,-0.39088950023980645,-1.5837791967216153,-1.6263287694188258,-1.940586503414262,0.1518895401546319,-1.4931231827012623,-1.204546407729968,1.1882476823354913,0.5761317100997091,-0.7576947007140756,-1.0726984535853847,-1.6476732694739007,-1.69698001736049,-0.6461980720710874,0.9510221482317376,-0.8912324856722148,-0.29566316772256174,0.03336648573514985
664,2022-10-31,-0.5376797469968515,0.17159597475099125,0.03148304398039735,-0.9935121984960387,-1.066130750321526,-0.9403030639480311,-0.33586707239123154,-0.49494955486468,-1.525641314536765,-1.056353177681235,0.21669321653388432,-1.5387648153142621,-1.3338421187831844,1.0237385240843913,0.7454987432325189,-0.5558246947163525,-1.1837184357743866,-1.1922054629509726,-0.7764304179031637,-0.5806535676029841,0.9380480819916728,-0.9328539402929941,-0.305926890304832,0.04339075451373948
665,2022-11-01,-0.6317288722718039,1.4188121281737172,1.1987538513636289,-1.0990583571412624,-1.036542234717774,-0.674333347054767,-0.42375547592058993,0.6475746892788584,-0.34233412234914734,0.01772199922618253,0.1720262380973807,-1.5106334945842386,-0.5735318210815724,0.634151592141708,-0.8465079419880324,-0.5120373845179486,-0.37034688076522276,0.4026900192711239,0.29563108570424645,-0.1506550008028809,0.9789579571078895,-0.6475814889711123,0.23489007860169606,0.007192753667097946
666,2022-11-02,-0.6573361789328737,1.4188121281737172,1.2953883797079795,-1.142120413661862,-0.987887904589877,-0.695773108478642,-0.46259786304136974,0.8418038107832577,0.1655704043189489,0.5875869082976058,-0.04413893335686038,-1.5093895926471943,-0.40803724689883103,0.35923947503944154,-1.3137576108745705,-0.6094507329414534,0.6884572942893176,1.6686843890094867,0.5251945768407368,-0.30958879938003864,0.9932380717759042,-0.40450273298786105,0.5966780991668152,0.0
667,2022-11-03,-0.6696858020034605,1.4188121281737172,1.2953883797079795,-1.067954203127928,-0.9275556739315391,-0.5617973001506436,-0.2772058532560183,0.8418038107832577,0.29376189482766635,0.7989072003356786,-0.13734548481337522,-1.4616428952176654,-0.29715293364468515,0.08270493312732985,-1.3416633313620152,-0.7743556678815707,1.3321769848314347,1.8292141920682372,0.5481509259543859,-0.05164327210610759,0.9962972929756949,-0.24415101106559758,0.7471660243582073,0.03764663800292189
668,2022-11-04,-0.41457268508522427,1.4188121281737172,1.2953883797079795,-0.8820415530794149,-0.8387263245467508,-0.2308813535315452,0.6474785551188686,1.6511385460595374,1.0201015862911356,1.1524253168871696,-0.07763605531437101,-1.370742369049218,0.11660997121176224,-0.20342898055233394,-0.5711461315905276,-0.8662843035493236,1.639716968399315,1.565291509872554,1.2069981455161134,0.16885219395627774,0.9827722699850241,0.10828135906193874,1.1901614728358425,0.04485768910370642
669,2022-11-07,0.08530165882443275,1.4188121281737172,1.2953883797079795,-0.6243520382542832,-0.7075688081306356,0.44691362827123676,8.905898255946331,1.3349545814697075,2.0477659445167333,1.5583653069325991,0.34358291606967756,-1.24797881633962,1.4062317385806584,-0.5383209143327087,0.7000324231805736,-0.7584809659390662,1.6883310531746198,1.2360444617814776,1.6248036993845256,0.4888983288059083,0.9533361010934703,0.6215438683020045,1.814676789123744,-0.0031104224143925024
670,2022-11-08,-0.6387079659818624,1.3587706320529727,1.1030911644934098,-0.35062142309306904,-0.5585186611649153,0.4119842614991209,1.7409429245448003,1.2780615374756197,1.5786697316905585,1.0529356478559941,0.14765549397831573,-1.1304779256713526,1.015488374537614,-0.7022523868541067,0.7000324231805742,-0.5575738327878036,1.598082510952215,0.9527785962971423,1.0233473526069208,0.45122997074578947,0.938824408243046,0.8781910690552204,1.8832960703703618,0.0062112000926406764
671,2022-11-09,-0.49074599041136496,1.4188121281737172,1.237924048161342,-0.07278054515328616,-0.4024816539632963,0.4532772410936726,1.8847728376455717,1.3918476254637928,1.4140834075691564,0.8891497338271466,0.01609005705476573,-0.9911609087226613,1.1861898496895418,-0.85408508444603,0.981983499936585,-0.29118705332423045,1.3979357612739922,0.6750534157435694,0.8029664011158902,0.6032176282693439,0.9230726369165217,1.0341642432288518,1.7691065013631375,-0.03184857347071817
672,2022-11-10,-0.5387953642070096,0.8097877264288044,-0.948441094802423,0.1482349473423409,-0.27133876580912075,0.3990036892609368,0.4223752882351456,0.8158055550236684,0.7045949871089587,0.17384040269582443,-0.022024957151967315,-0.8670577693116348,0.7702399580265805,-0.03548363988923956,-0.22001295681038407,-0.1596975671465094,0.9395544848592211,0.12121287356132997,-0.1451308172778151,0.5499807574592945,0.9417464034724408,0.8568794998853784,1.1180383542298873,-0.0003996004049178119
673,2022-11-11,-0.6551308890988403,0.8026068681603912,-1.1925022989228398,0.290082080930494,-0.16366701238327055,0.5109801852013751,0.15132001118234553,0.8086939245244066,0.6271063186588353,-0.0035145858961955377,-0.0021639670182729545,-0.6773148815305511,0.6481608220501363,-0.2997032460653004,-0.01887436889640516,-0.08324224009756884,0.30541072370866756,-0.5367561807244161,-0.34944232438929157,1.1733358348297132,0.9596198597379917,0.7049823171289995,0.639822992574772,0.015073668985725796
674,2022-11-14,-0.5889462494915566,1.0421834742073046,-0.42050841168905306,0.37671744379590416,-0.06780189298660892,0.8653914160401495,0.07113797406915333,1.0789358834963163,0.4819089786166482,-0.7854559586889645,-0.08698117790947739,-0.5096751743230575,0.31827094520591387,-0.21024716975185234,-0.3808078207875857,-0.08523735920314877,-0.25459648331848017,-0.9024175316208252,-0.12217446816416605,0.9873477966784103,0.9617535449106236,0.68187560562282,0.4735580945316309,0.022192851650166268
675,2022-11-15,-0.2825666300786153,1.3761214893134204,0.5690545948497729,0.4425649495199352,0.028438874977855296,1.4376672251391411,-0.09801856576538796,1.365636586531349,0.7374477982418646,0.9572733895096452,0.08014572703993364,-0.3606939961711915,1.078990067543499,-0.4861853214060257,0.4710464329052835,-0.02322876821815444,-0.024498618981765703,-0.05960792440608407,0.3599088632224637,0.7760358248935127,0.9605678661696208,0.7896408991646164,0.5603495647239094,-0.015131229523960486
676,2022-11-16,-0.6078339083053953,1.058768108614194,-0.7499170373678331,0.5058743889279481,0.10821016772715283,1.0013650681994657,-0.117447914005217,1.0986360780031086,0.5321734193487058,0.333596390856585,-0.11344725874456049,-0.23783475869720924,0.7411819550246589,-0.6479172665662669,0.4710464329052835,0.06637285109998962,0.18248607733909802,0.38481521755553183,0.024746166163187783,0.5582883532250024,0.9602915824642966,0.7089503872039976,0.31326566267879136,-0.018544622981202977
677,2022-11-17,-0.5789056946001341,0.47364769661929007,-1.1925022989228398,0.5450797359510317,0.16013805803883832,0.6106746509186798,-0.47570721198665905,0.7768662343921541,0.2551564447867395,-0.42212696950239403,-0.11306655941665748,-0.14176725525181538,0.3706757858424627,-0.044463160428064336,-0.5208621073876094,0.04179472930164567,-0.09518510853207228,-0.2090657758361018,-0.289755816693804,0.38106451319066936,0.9797163599959777,0.4960034059561334,-0.10653009606723986,-0.005591068877811796
678,2022-11-18,-0.6921278691380353,-0.25638443787013265,-1.1925022989228398,0.5524113802470264,0.18719515025371541,0.6075667560166402,-0.4365162762305105,0.3927691585923895,-0.02370933077312997,-0.995865401717869,-0.20507583603598184,-0.09536014452371643,0.0809273593869504,0.04439058640417721,-0.8830457399485602,-0.08319303204124393,-0.8085721520536178,-1.231723685501588,-0.409128832084779,-0.019597833813464263,0.9932377573119564,0.30282496148721116,-0.4091648630631272,0.009565636908146739
679,2022-11-21,-0.6046167796063349,-0.0279845154953421,-0.599529106505798,0.5043032140098807,0.20209741555470484,0.6490517268500052,-0.1214436672876964,0.3372637238755229,-0.19035975845891978,-0.836227898527878,-0.2744871738731858,-0.09076727583309897,-0.17851003861342385,0.06644187702259333,-1.1836940303462344,-0.2858651619479546,-0.9745267971312763,-1.0588124928053244,-0.21859113444149203,-0.3340314563888613,1.002485094176472,0.23411775536857057,-0.4422195643006632,-0.012372937729166582
680,2022-11-22,-0.6082490216859192,-0.5804570199326011,-1.1925022989228398,0.42964768560396954,0.1997170855470665,0.3004439649232841,-0.45490737976083506,-0.03882691019185074,-0.2383136875709156,-0.5315650407512981,-0.2586828253525841,-0.09248960159208115,0.02909912952474993,-0.20344305196578757,-0.6566884200164135,-0.4473697210490362,-0.9084458957015074,-0.5906712903905391,-0.4251982764643334,-0.4147336088326612,1.0119922502625904,0.09308808455310988,-0.5901310357332346,-0.008874604433474842
681,2022-11-23,-0.6790258530652489,-1.3549407416944634,-1.1925022989228398,0.31950737219885683,0.1803515166002676,0.35416433626980465,-0.7332304788457065,-0.47377010884229126,-1.1194817965714268,-1.249550441741466,-0.39290226757508784,-0.10416314284739746,-0.2014025058504059,0.08965561074059565,-1.2347686531892,-0.6451716891913214,-0.8568606408041071,-0.47247012049237563,-0.434380816109793,-0.5445830396821559,1.025684991577394,-0.060814734541692644,-0.7300810447222607,-0.011410066738030899
682,2022-11-24,-0.7972812773420027,-1.3549407416944634,-1.1925022989228398,0.1921885899868193,0.14391294322140377,0.037424258833869406,-0.7198799531603967,-1.5424297516242294,-1.3899865964956972,-1.1796843675250384,-0.4163561521879572,-0.09000179771799466,-0.3121474406166368,-0.16697270738718326,-1.0783814822176423,-0.8262773578683066,-1.2244288037600746,-1.0643375597155025,-0.5124324030961998,-0.3681879456680291,1.0562010630449439,-0.23215915217217306,-0.8713347305715314,-0.021541843774754803
683,2022-11-25,-0.678299404649332,-1.3549407416944634,-1.1925022989228398,0.026773583078153494,0.0857461397377022,0.10421230037311933,-0.7115578770902281,-1.4551018019619406,-1.8045588035469033,-1.555665568911428,-0.33860934033834833,-0.0983263722197393,-0.5606147280875788,0.5315299864151981,-0.9512937342634309,-0.9685845622908913,-1.4390181684794805,-1.2477287506654524,-0.8108649415736373,-0.550592686797976,1.160327780575624,-0.47221790606625946,-1.0997454316762634,-0.024158835476735595
684,2022-11-28,-0.5775306315271486,-1.3549407416944634,-1.1925022989228398,-0.19582131406342537,0.0034544505623183936,-0.17037408973360404,-0.7210645060517848,-1.39369286000712,-2.073077878029052,-1.5075209132571086,-0.33515705927425515,-0.15009182975356175,-0.7603321275885442,1.2563056108990631,-0.1301933307384853,-0.9793629528430726,-1.5393362981084304,-1.1503410042774866,-1.0932280356715205,-0.8790210389274644,1.20341817195454,-0.7569436724371614,-1.3574935561301193,-0.014693436346658902
685,2022-11-29,-0.347116760750086,-1.3549407416944634,-1.1925022989228398,-0.4228538777538322,-0.09699147447771753,-0.5781682198852436,-0.8484322417744494,-1.628494611181617,-1.6714884084882862,-1.065888885167229,-0.3240030675064661,-0.24022687780690302,-0.9367023913842143,0.9866266507401773,-0.024069611586409183,-0.9092152730219059,-1.5967339818217674,-1.1022821111073648,-1.0771585912919661,-1.1762747900605928,1.1748025718112922,-0.9931839135441882,-1.4822591873846391,0.020254948007805168
686,2022-11-30,-0.47367445263731844,-0.7675356536377196,0.5342098874601846,-0.63861794784928,-0.19083675048157148,-0.5578860790955597,-0.7018715317584394,-0.9678914373336444,-1.3022510275944852,-0.7417720454026637,-0.2605307891348981,-0.29572404115185097,-1.1004535668125282,1.0181426352778142,0.28321335629320354,-0.7660381136417906,-1.2740668566173694,-0.5597753502751488,-0.3999462924393194,-0.8913250032403507,1.1637659117142007,-0.967983404225638,-1.142974248686625,-0.012449184176568888
687,2022-12-01,-0.5871560730380472,-1.0025814335186332,0.5005149347998108,-0.8080896626011779,-0.2817681651525766,-0.5239640140803553,-0.7085938731033273,-1.2218016619429324,-1.0065364153281458,-0.4755186575803345,-0.377596304767911,-0.34557580339791427,-1.1261728549374215,0.6790931400995303,0.10652209746928812,-0.6188329105987016,-1.078213724964159,-0.38264923271132445,-0.4366764510211579,-0.8412149006343366,1.1402291916091853,-0.9939406920739573,-0.9574673254364532,0.00988617551167922
688,2022-12-02,-0.7959321588552999,-0.7136562400503866,1.2953883797079795,-0.9159579165505887,-0.3592489275367412,-0.28273676306533085,-0.6331058505101329,-1.0204245872528086,-0.8400736254067434,-0.3321393331985727,-0.5174056353151465,-0.3807877966926384,-1.2304747868029875,0.4775133039398218,0.17057495236128567,-0.47377937051821867,-0.27847884698950365,0.5786297045333393,-0.046418516089124236,-0.7125968071333415,1.1075408671265947,-0.9073171586641958,-0.6199789803350948,-0.0029985029962565574
689,2022-12-05,-0.8206314049964736,-0.6785604769795751,1.1193286192129672,-0.9772798284158833,-0.4247786226928376,-0.1558386354633354,-0.6146414172464708,-0.9875596456367143,-0.7071851816817404,0.6888062722476397,-0.6082726824616509,-0.4366676990951368,-1.1680096043283892,0.2033908758596433,-0.19371447991288165,-0.386082529992087,0.07165480072047217,0.6755266780161138,-0.023462166975475197,-0.8171584228923174,1.0774629139927172,-0.8385883164989858,-0.3800429654670053,-0.001717475733465409
690,2022-12-06,-0.7790681777715154,-0.6060008095453561,1.006091011751438,-1.0150518282995034,-0.47905330080113684,-0.4006306085926032,-0.5823312990260514,-0.9912662792701532,-0.7315714609615561,-0.8452915406780837,-0.764887989343988,-0.4789603649545615,-1.2592415882698254,0.18287056237950425,-0.009902690697145134,-0.31239606773223844,0.5434012836133607,0.8868068841055379,-0.05560105573458385,-0.7285660079560272,1.0510756375933856,-0.775482953380265,-0.19753895232714097,-0.007332359786452479
691,2022-12-07,-0.7916772467049297,-0.8359488075492584,-0.7330888651085403,-1.0385631365841281,-0.5261880555232322,-0.5913959342594751,-0.4656358916093237,-1.1347631315850601,-0.6380504798091537,-0.6117456254346226,-0.8356311498925213,-0.5184781726467386,-1.0935614527746038,-0.05340629906673779,-0.6084360202520808,-0.3248521422436117,-0.08950322395593249,-0.39334305214444787,-0.243843118466506,-0.7156649830347671,1.0283491275628043,-0.7541401057214268,-0.12167711706426364,-0.0026007817000574785
692,2022-12-08,-0.8171029412620202,-0.9190687572454332,-1.1925022989228398,-1.0623336431265817,-0.5662831381914696,-0.7541592478513931,-0.7580626298429288,-1.2033145862336752,-0.7420036993207126,-1.6678102660199807,-0.9215982625391448,-0.5472792867274772,-1.1991050128760532,0.19223344066784315,-0.1365208043734168,-0.3227010504206488,-0.5208539633946453,-0.9617807028660001,-0.2392518486437762,-0.6415918400566314,0.9983473429340922,-0.7288619997845439,-0.054378266623447816,-0.0026075634070808302
693,2022-12-09,-0.7463520544689733,-0.9408164812826184,-1.1925022989228398,-1.0918725981295683,-0.5997005280176816,-0.82917610036415,-0.7441693661926029,-1.2718660408822862,-0.7867303995460639,-1.2471810914305343,-0.9903719526564436,-0.5609622080349385,-1.2949097659926088,0.15498573702610816,0.04836095499001834,-0.29073029088280533,-0.950778224956245,-1.1474479718980624,-0.2690951024915199,-0.48015656597115125,0.9705888972680746,-0.7023165665779431,0.001589327220543682,0.020672570804719882
694,2022-12-12,-0.5767263493523834,0.5955083390533938,1.2953883797079795,-1.0902418468951622,-0.6136443617031648,-0.8816632861223783,-0.6311008209749128,-0.5002475503516349,-0.24052908083014526,0.9438092331727874,-0.7726454799635978,-0.5381892341106332,-0.30777699479284104,-0.18844023918425223,-1.04721278292336,-0.3797385685393774,-0.2723644050809892,0.21644681048647532,0.19232751469282575,-0.08550991799367201,0.965898043928197,-0.5283372481310612,0.29398295670194824,-0.012438504781044576
695,2022-12-13,-0.7273606173100037,0.2540401993430616,0.2563767686968143,-1.0668043470212918,-0.6204225681620421,-1.2765077348585174,-0.6490589991479502,-0.9077325075875042,-0.17254625126291273,0.8339976723995334,-0.7327389724735357,-0.5055607294543816,-0.5453558441297132,-0.4283245923512637,-1.04721278292336,-0.5232048629150126,-0.10328497975510079,0.3611468498147264,-0.07167050011413818,-0.06518878988228718,0.9772455205242763,-0.48369838347740757,0.31066675711984637,-0.005192569001627365
696,2022-12-14,-0.8088525628241072,0.13342264081379906,-0.12212849245095786,-1.0440049717447693,-0.6237858082760137,-1.2492009471817467,-0.6436556496228144,-0.9609791807653326,-0.9767987101402676,-0.5103000879544234,-0.82250018677093,-0.5088140114435673,-0.7148960594583842,-0.0774410030705018,-1.325772700877092,-0.7167091336129068,-0.09230644462149715,0.02011518390645614,-0.15431335692327472,-0.29188031342434323,0.983636791117555,-0.47265389888144227,0.26759104628756325,0.015070252920998173
697,2022-12-15,-0.7872407224505802,1.4188121281737172,1.2953883797079795,-0.9999751003626656,-0.6145486087017717,-1.3435969763397693,-0.4701505818257505,0.47304736379551277,-0.05796566153128306,0.30754116778340357,-0.8397600732515086,-0.4901554823879363,-0.6021760830944997,-0.31003774509838294,-1.2884813717364123,-0.9153997856635157,-0.16252081217926492,-0.15936791144788215,0.1418235466427979,-0.04647649734572365,0.9922041185939756,-0.35372819528278643,0.4143201636610667,-0.01247059807736634
698,2022-12-16,-0.7720112503026086,0.5297050003196204,0.3011242139155094,-0.9724479090385909,-0.6038178419431769,-1.3073418604291083,-0.48834142696411686,-0.32267129285406015,-0.1953979679024291,0.034985886170707144,-0.8451758155194569,-0.49943690453355716,-0.6296706002598855,-0.518962923615974,-1.0391049273967823,-1.0701104380949835,-0.316168918964625,-0.36107490601093345,-0.1566089918346396,-0.24635555481796453,0.9970216797690132,-0.35003861665160996,0.3381609902400866,-0.00651185283492362
699,2022-12-19,-0.6520434833311936,-0.30172036808784874,-1.171813481552075,-0.9746574018855971,-0.5950450188548078,-1.3078405580313008,-0.5212481346553848,-0.7342499083624573,-0.9002001417481225,-0.9548699558870554,-0.8704888266250993,-0.5193393355262288,-0.8065271090932054,-0.45425853432213076,-1.414565316382201,-1.2355327558572486,-0.5112467006744689,-0.5545106722392725,-0.3012339912506286,-0.27736208105100213,1.0181080275433638,-0.3778318968075156,0.22435726252674013,0.009967579816074672
700,2022-12-20,-0.01575250474686087,0.9470915410020458,0.5380998074100983,-0.934053729419028,-0.5807379286196607,-1.1182264760426244,-0.23091017339262437,-0.3285980249173759,0.5021123330476264,0.8126648532684254,-0.6599546453054944,-0.5258458995046003,-0.14058707315670607,-0.712517007948473,-0.14017111633189597,-1.2375294736146123,-0.8621150185573282,-0.9251513547323796,-0.028053436798205003,-0.1738146785283453,1.045555370449451,-0.3193997343646003,0.2781324518368005,-0.03109512624194996
701,2022-12-21,-0.2936968575939131,-1.3549407416944634,-1.1925022989228398,-0.9556203726761369,-0.5803064333374813,-1.4514679842495362,-0.41362421030054425,-0.9788240117762833,-1.8873292325304138,-1.680076419556076,-0.3782330468768811,-0.5481404496069657,-0.5008758623465138,0.39152094630199,-1.159433296007167,-1.2802614137213957,-0.9748387151825559,-0.8613289579531888,-0.6226228788417151,-0.38312494621279014,1.0529370362730046,-0.46876371311333215,-0.027847138567899755,-0.04410808174585157
702,2022-12-22,-0.37368401710361737,-1.3549407416944634,-1.1925022989228398,-1.0600926435148148,-0.6113777762229803,-1.4791559585093348,-0.5131674452955871,-1.6383951895276863,-2.8960744060762886,-1.7140777426297318,-0.26195393804866274,-0.6076563730562037,-0.7563176429760987,1.136371482162711,-0.21193407642685874,-1.2247597380550748,-1.1670724448397396,-0.9495201506631216,-1.34574787592166,-0.7370128845259363,0.9903083125141994,-0.8083330112486696,-0.5920862492085931,-0.030684493707012355
703,2022-12-23,-0.7068125049740692,-1.3549407416944634,-1.1925022989228398,-1.2158250484597575,-0.6747037621247615,-1.4642707645272828,-0.6090824323024356,-1.6946000112153965,-2.496927997836163,-1.3714717800370912,-0.2696366539842493,-0.687553151320048,-0.9445059067514167,1.7842662016032727,0.434889609807038,-1.0448024137851615,-1.6353717484641397,-1.5118545556446332,-1.602858985994529,-0.9682001806825624,0.8827589830844622,-1.1603296673216426,-1.0643496515499913,0.05593256425273001
704,2022-12-26,-0.6878989015739478,0.7222094967309003,0.9563432362045662,-1.4179004915698514,-0.7217973505960591,-1.331740782593854,-0.49729700218645606,-0.12445949836988103,-1.3713483621614038,-0.6348911631558266,0.05151168301130293,-0.7387445002675413,-0.6031547907081627,1.055615402780877,-0.48739064978452823,-0.9284913267222235,-1.2968124993376746,-0.7339590292456867,-0.1933391504164781,-0.6768169300151289,0.8601387109725479,-0.9978940791413383,-0.5781562614336578,-0.0027235604670404925
705,2022-12-27,-0.7902502944593787,0.6611331273493148,0.8921470538701485,-1.5550147450893803,-0.7557188754800993,-1.4770401560315114,-0.47074667044829416,-0.18523913112518994,-0.746760700663445,-0.09359509713521544,-0.0818054090101284,-0.7796975794255377,-0.49583932791036894,0.678459094263238,-0.9176252138612047,-0.9066060885901581,-0.6286435177395886,0.3064712099883895,-0.09003557940505741,-0.5947122209819699,0.8385492855361881,-0.876625680651056,-0.25834305741782737,-0.03609832017247884
706,2022-12-28,-0.7166973923477953,-0.07793948116666995,0.3562459690224726,-1.6259262254218412,-0.7973979199279655,-1.4639829665092448,-0.769886908259897,-0.975374356944226,-1.0307763827185055,-0.564845088194076,-0.16328258187773245,-0.8390221333459971,-0.7030891739711996,1.1106200052847441,-0.3075556514089031,-0.8602980780927076,-0.15953987228587674,0.5741877512810543,-0.5675276409689575,-0.8531649400289176,0.7861322703167894,-0.9826820302932436,-0.3842911068261863,-0.0018867930125766445
707,2022-12-29,-0.7970218314791753,-0.11334062851915898,0.31632299227494054,-1.6467365814267891,-0.8402223116045581,-1.4492720614168004,-0.7452685246780452,-1.0158941121144323,-1.0281978293543532,-0.8706217853343209,-0.31238598933694917,-0.923224726007296,-0.8637655153699519,1.2563375556947927,0.027485059673597274,-0.7644582044856968,-0.29222064878124265,-0.10092848016328902,-0.3838768480597651,-0.9916129262547482,0.7387313563492707,-1.018882279199026,-0.3677241668533572,-0.023890290533032068
