,date,volume,stochrsi,stochrsi_6,wt2,trix,vr,vr_6,wr,cci,cci_6,atr_5,dma,pdi,mdi,dx,adxr,kdj-k,kdj-j,bias_6,ROC,lower,MACD,MACDhist,return
0,2020-02-06,-0.40359202202312655,0.6764912975761553,1.2687471463223854,-3.030847417792327,-3.011498456110068,-1.4345950981340052,-0.5188063568954934,-0.31675173949462837,-0.8851175566299969,-0.2312549258929095,2.9173174583759667,-1.6394545245535814,-0.9448665182198541,4.423396653165305,1.8187373076449787,2.925139244317572,0.044808707818858394,0.5505984171376889,-0.8850883081731353,-3.0444410192647697,0.9938873361042382,-4.32904932464379,-2.067941644988997,-0.010544913176614887
1,2020-02-07,-0.3328668726421204,0.4161983280108573,0.837690255061319,-2.9213450454523975,-3.283055613328238,-1.5491128883763365,-0.5271316014141602,-0.5343950059526722,-0.8744158924429166,-0.3872061793342409,2.603921316049301,-1.8630122813806547,-1.044091874642508,4.162529619911329,1.9097384582141839,2.970815418824469,0.4993624243401757,0.8236664120044374,-0.9458371143921901,-2.9440241002780243,0.531677865416457,-4.2258249758144135,-1.5090485248901817,-0.0035398267051241737
2,2020-02-10,-0.6873465093539436,0.33412659469385336,0.7008164420728116,-2.7930418984143066,-3.513925939286628,-1.6289362946043497,-0.4902754408154001,-0.6172150100030807,-0.7885605287729276,-0.29391529990772186,2.0343699670219806,-2.1346774036008904,-1.1122044134480773,3.8336157389793253,1.9559735856716396,3.0037710334910184,0.4460460430743667,0.41146963216846444,-0.5408450729318252,-3.214590080682297,0.1082768946330265,-4.070076828013032,-0.9847106937229307,0.010582109330537008
3,2020-02-11,-0.5078417417305784,1.4381552056050149,1.2687471463223854,-2.652857354585425,-3.6570076501474564,-1.451136491905314,0.2160736837831935,-0.3384549963700024,-0.539108923501095,0.43471608456561084,1.7399547428520505,-2.3887482719816675,-0.4949686322937164,3.1523661405301526,0.9723764361878349,2.899542416749656,0.6658776249437309,0.5614865472489212,0.22863980584286817,-2.794221811297805,-0.17456568078558354,-3.5118006663946644,0.02657806685974839,0.0035026305512020745
4,2020-02-12,-0.9967255568130535,1.4381552056050149,1.2687471463223854,-2.507579600213474,-3.713373361941454,-1.3288525371579236,-0.06675628229682044,-0.1840026811240305,-0.42682024239093846,0.621355687465894,1.345536668960728,-2.5638705654418823,-0.6213028853777744,2.6189791457210525,0.9723764361878349,2.733963412923002,0.79087989698709,0.6719060358327905,0.5323838369381418,-2.1215394754610486,-0.32730244428573496,-2.923592420590409,0.8796168472733672,-0.007017572658646535
5,2020-02-13,-0.9961504703310993,1.2065518947141756,0.5713330199151307,-2.354273010408338,-3.7239517198597696,-1.3974131710311226,-0.24216685644646083,-0.29488850775284947,-0.41125214165392027,0.27530953375440237,1.0306752838586473,-2.752715556651917,-0.736479222066299,2.132701207634557,0.9723764361878342,2.5506567605884363,1.0913904095761853,0.9599631209694103,-0.1257282304349511,-2.271096853841549,-0.5197606631948612,-2.626370361948885,1.1342242130512727,0.00701757265864654
6,2020-02-14,-1.0919714149139814,1.4381552056050149,1.2687471463223854,-2.1896286640371345,-3.669397064975656,-1.2905377706394436,-0.3544481659845601,-0.06508164966703751,-0.30297121636491725,0.7308850105926049,0.7792156984950486,-2.827989434267116,-0.8412049484146191,1.6905460589516106,0.9723764361878349,2.373292651935237,1.4777610686193048,1.337593416850302,0.5931326431571965,-1.2956208057519627,-0.6171721260854091,-2.140454848619786,1.6153374465263604,0.013889112160667093
7,2020-02-17,-0.41731806031961827,1.4381552056050149,1.2687471463223854,-1.9995498192654388,-3.519121811292685,-1.1445096408119841,0.5242572523750016,0.37662503860179886,0.16919640719489537,1.9060702187284781,1.055760349895197,-2.5638705654419,0.2647738516978196,1.1247624851877018,-0.8464141335382241,1.977039226062784,1.520691141846319,1.1189382727775794,1.5954879457715998,1.5345704865306047,-0.5832708950501104,-1.3730382978506086,2.4141061108136808,-0.006920442844573795
8,2020-02-18,-0.6808335238470695,1.230655558439483,0.4978581686809611,-1.7969203605943571,-3.330732830319189,-1.1744306898194246,0.5203817865136734,0.4086843950084079,0.3337767421017021,0.9729140008265356,0.799548154826958,-2.428981286006141,0.052790881565114335,0.7873234115287473,-0.846414133538224,1.50152019899997,1.46434542073586,0.8636583920726679,0.5222590359016327,0.4581011149927439,-0.525659365256275,-1.0356597525924853,2.4208558662622455,0.010362787035546658
9,2020-02-19,-0.6903766382793773,1.4381552056050149,1.2687471463223854,-1.562823699694878,-3.084060336815858,-0.8366546075004226,0.4697061680629857,0.907815409407854,0.9261516753353729,1.0220589387395256,0.9127716472940787,-2.260361554972898,0.3167815902734733,0.39762817507434056,-1.1130431262384723,0.9897555062019081,1.3140901644413163,0.6548427294832234,1.2309951084572712,0.9079689120533427,-0.35380085684663454,-0.5009879474747643,2.716326910991606,0.010256500167189061
10,2020-02-20,-0.33064343797632767,1.4381552056050149,1.2687471463223854,-1.2875858093170292,-2.771358282534608,-0.9340487662820371,0.6546249093512948,1.867385111509116,1.6620955381053435,1.272920066976733,1.0032872893368507,-2.0752506581152206,0.5431797066882518,0.06276740563298647,-0.5822501239513338,0.570264152826358,1.4643454207358664,0.9533070011424949,1.8081087675382914,1.2036862052260378,-0.18128485688819979,0.12942497931113162,3.0934675312881335,-0.006825965070399871
11,2020-02-21,-0.8216466827225399,1.155771107176616,0.39041862796659416,-1.0176279378131026,-2.4511113074647066,-0.9147264978721582,0.549038117049251,1.4325800902444819,1.2923793341320238,0.949717590131603,0.7578221959871067,-1.859269583124259,0.2988053900664983,-0.16411301132738035,-0.5822501239513338,0.23209459823908707,1.6709463981408712,1.2479448077804913,0.6336318473032331,1.3673745422671657,-0.07632219446503191,0.3179567945942064,2.745502475432907,-0.010327114155849517
12,2020-02-24,-0.4478666892006928,0.7657680701909567,-1.1954943895615502,-0.7752202227267431,-2.17207320549753,-0.9582454593391911,-0.1775935495637526,0.6250850507530246,0.7173361411490987,0.009280058228515293,0.7204248175016813,-1.6666917829011811,0.047459803379269055,0.2851151302261484,-1.2536671756838857,-0.12421951619275537,0.855275006827615,-0.06070622949476561,-0.5813442770778616,1.0690917755395861,0.08017967237554459,0.1367232624041385,1.9234813823022845,-0.010434877292579619
13,2020-02-25,-0.2331400595366644,0.4170288268865345,-1.1954943895615502,-0.6319224005933898,-1.9622918328638579,-1.1216803723298447,-0.5947671078610687,-0.12029498570063916,-0.19691643877503037,-1.4633831098615881,0.6905175880104364,-1.5782269685986434,-0.17375473275496303,1.3732440193738034,-0.1809819157062491,-0.32132507393293797,-0.34676704352876203,-1.5267889705023823,-1.4014531610351002,0.158189250285678,0.2859280795128936,-0.26002851134925886,0.9489979118621984,0.0069686693160934355
14,2020-02-26,-0.16024915893638367,0.7692133582318769,-0.5046630111698148,-0.582644569469815,-1.7772096123356511,-0.9276126566215569,-0.21310282971162822,0.37662503860179963,-0.07820824781925091,-0.9167505101806952,0.9842821739102564,-1.4856441244730172,-0.4129183923402562,0.8466671391163498,-0.1809819157062494,-0.4211150036773988,-0.7838732436583538,-1.3280115667999055,-0.702841889515971,0.307096539755623,0.4645555957352874,-0.29756275828520773,0.6975522065275389,0.003466207976486329
15,2020-02-27,-0.5876022164162094,0.9420550063868117,-0.16958317349550836,-0.5762372808954849,-1.6004499751646248,-0.7690009986789016,-0.19816455624461307,0.6250850507530246,0.28177666577298793,-0.20862619916371294,0.7427632287762302,-1.3423207971252153,-0.2892106138492686,0.531174725793185,-0.5984580716485781,-0.5173512694920401,-0.43262718998278954,-0.15920043302934417,-0.23710104183655145,0.7606530489313875,0.6949614938986565,-0.2107448872383575,0.6792248637529333,-0.017452449951226166
16,2020-02-28,0.1427366398669582,-0.02533765763666807,-1.1954943895615502,-0.6212195897152151,-1.491834676182241,-0.8851105537418443,-0.6094181249875926,-1.0313150302551108,-0.3831289130124741,-0.677962753546897,1.1848344190810556,-1.312607424382376,-0.5300763996222567,1.0956784112432385,0.15964416660563707,-0.5054206214637974,-0.44765271561224435,-0.14564381409683513,-1.4115779620716093,-0.29062990389132815,0.7382089450261589,-0.6190287123757374,-0.06336234975054159,0.017452449951226207
17,2020-03-02,-0.4891890127064634,1.0416674746727306,1.2687471463223854,-0.6198221395437562,-1.3676761131586177,-0.5514019017070257,-0.34414539443297504,0.28627594327408734,-0.011051903295932105,0.18109076117231301,1.3796372561332386,-1.2936015733486632,-0.7102067531122668,0.622697138524524,0.15964416660563735,-0.43927787486398234,-0.048110329556288835,0.28715422698456816,0.5222590359016327,-0.1391371673118393,0.939828952751403,-0.3645309520940612,0.31702527709956496,0.006896579059060459
18,2020-03-03,-0.4063844252295762,1.4304195053557585,1.2687471463223854,-0.5371172763648374,-1.2133651246239465,-0.45479084086935934,0.17871123822288917,0.9187196105681014,0.686731601466543,1.466234819192222,1.059078688868389,-1.2078286889207914,-0.30246506503855275,0.33496208138323014,-0.7441706521066354,-0.46830406409325487,0.4163150080814029,0.7928041865229288,1.109497496019162,0.45341499210669783,0.9679129807022936,-0.0038593294156169648,0.7774379437776476,0.0034305350967892222
19,2020-03-04,-0.8440444658122689,1.4381552056050149,1.2687471463223854,-0.407892453025064,-1.0340979496913447,-0.3088800618633261,1.4927829427349821,1.2349414442151014,0.8584770770969119,1.2463171194241256,0.8026558069070052,-1.168103927880882,-0.19207969377435186,0.07512626151094938,-1.1460582767165088,-0.595730936750759,1.4831273277726857,1.9621718970238542,1.109497496019162,0.15509737539178975,0.9945474160625541,0.3107223780412576,1.078004186521892,0.010221554071538227
20,2020-03-05,-0.07054877762572888,1.4381552056050149,1.2687471463223854,-0.17370936306046109,-0.8119864627615071,0.16966281530571434,1.5205381183624493,1.599812790730885,1.4170192380298148,1.3334796223810146,0.7563151757669777,-1.1442316455062724,0.4208622897598432,-0.19022857742909277,-0.43318535403424213,-0.6703399632635322,1.7085102122145084,1.6596724440694286,1.7372351602827274,0.1535987625605743,0.955133058625175,0.7724342424819808,1.5347759093073283,-0.006802747322752523
21,2020-03-06,-0.7451741644884469,0.9221738462421951,0.6070649320857732,0.08539233556610505,-0.5979189722850248,0.20454034532936907,0.3088577298467334,1.0646681491744117,0.865711483536046,0.6965228700038534,0.7192448885923,-1.1108946907216444,0.15086932897666472,-0.07280824512013294,-0.8395913403826528,-0.7647126597211857,1.489957112149712,0.8214678881368254,0.8057534649238881,0.1545944162909064,1.0688547132284405,0.8307397337907027,1.3070833804306798,-0.024180798197214852
22,2020-03-09,0.39257500862829686,-0.5875824296704685,-1.1954943895615502,0.21517560141551167,-0.4813441160325156,0.1539942208778735,0.2262634216546237,-0.8083380962732513,-0.7694323966299144,-1.1590327217896579,1.324689020717522,-1.1244227303444,-0.18889747362799064,1.5578016959441587,-0.05824567891194036,-0.7599492849324484,0.4108511805797852,-0.7202496549795796,-1.7456963962764105,-0.43540793522450155,1.208564843220693,0.17062914137577043,0.06867510588587755,0.010434877292579714
23,2020-03-10,-0.2573470052671917,0.14259776980500308,-0.40489968002809174,0.23926132092646699,-0.3942824853842889,1.2056426120276105,0.2681632275476067,-0.00562113393853534,-0.5141548799029259,-0.9126310307384924,1.491481715057031,-1.0350522758930676,-0.41933655692715827,1.342651106842082,0.13541284364571632,-0.6798343873837952,-0.2652974727456753,-1.1557709464917043,-0.702841889515971,0.456528150667362,1.2907423566568077,0.04939920860453239,-0.12975997036037146,-0.010434877292579619
24,2020-03-11,-0.6894799228835033,-0.4404804803210851,-1.0227990241549194,0.14512104167991308,-0.3638157362809495,0.47021093822412197,-0.2770126809516851,-0.8083380962732513,-0.5244715564004786,-0.6779627535469042,1.3073720381291616,-1.0325813964119799,-0.578737698005756,0.9294452116480962,0.13541284364571632,-0.5678149189729768,-1.023403538595436,-1.521720146707966,-1.462201967254155,-0.2885544648508869,1.2907423566568077,-0.3072482334649801,-0.6346316088971352,0.0
25,2020-03-12,-0.4490771675859612,-0.4404804803210861,-1.0227990241549194,-0.04290716242908123,-0.36792570250291456,0.4792675181811034,-0.41542533810861065,-0.8083380962732513,-0.949863160580657,-0.8455829515408734,1.1600879053423847,-1.0517900414174528,-0.7195169980839546,1.563968111825353,0.7120601151887507,-0.3737418708664559,-0.8082653307191532,-0.6305016572079135,-1.117958732012845,-0.43540793522450155,1.3585803251040816,-0.5072824729444951,-0.8082677036768564,-0.010544913176614887
26,2020-03-13,0.46447392874678717,-1.0157615044306636,-1.1954943895615502,-0.23786544000539048,-0.4260214196446283,-0.16492506458751757,-0.7342471212967493,-0.644821678019876,-1.4999775334580951,-1.468291987088575,1.6773299518818319,-1.0202106114492366,-0.8960390730249214,2.5158545957073843,1.3468442040362698,-0.07117395497601019,-0.8082653307191532,-0.4092624068870568,-1.4723267682906642,-0.14225062826769774,1.2494897799339915,-0.8870893671322667,-1.2114880768778533,-0.010657294473988093
27,2020-03-16,0.1953229672928298,-1.4052597260763453,-1.1954943895615502,-0.44147048404045586,-0.5462741080621424,-0.23411282856331372,-0.7552376141560504,-1.2245617063727254,-1.3920312667488426,-1.0768090282379557,1.7735857918871183,-1.1366452524655664,-1.017484620776858,1.8484036408267632,1.3468442040362698,0.2620490015279381,-0.8082653307191532,-0.4969232419198486,-1.776070799385938,-1.322690441537795,0.9596590391804091,-1.3588552550804531,-1.6692674705788004,0.010657294473988199
28,2020-03-17,0.36745124569477566,-0.6051793086204871,0.34892522261409126,-0.6371780293853393,-0.6593429226267361,0.29919384313713066,-0.44917627919808967,-0.644821678019876,-1.1288086719604666,-0.6444387139481181,1.8505894979101727,-1.2482284501062184,-1.1203308207952911,1.5910789483345038,1.459857949925641,0.5983935544623917,-0.5828824462773279,-0.17550018013293772,-0.5408450729318252,-1.1666791417450173,0.8450782394637073,-1.299020393000092,-1.2539027597055352,-0.014235115821871985
29,2020-03-18,-0.2003478941826772,-1.276421220407108,-0.4290982736177739,-0.8145461804990847,-0.8049156897345712,-0.18208495308459965,-0.6942526009787557,-1.417808382490336,-1.2552892314968929,-0.9840981878831945,1.9121918445111779,-1.4445994815325178,-1.2076114876376423,1.3710486497044576,1.5721436513131704,0.9234626245109991,-0.9960844010873312,-0.8566109539194735,-1.3812035589620824,-1.8944609607316816,0.5786888645414031,-1.581369110926918,-1.424707830492175,-0.01808367543329535
30,2020-03-19,0.1428126771373686,-1.4052597260763453,-1.1954943895615502,-0.976150163870492,-1.01629865661785,-0.5647467726713665,-0.7157986916682972,-1.4598185294724275,-1.5410209561334989,-1.714751478207999,2.279000315227479,-1.7820787137192151,-1.2938735446679062,2.264506043443582,1.991632028078773,1.2707441302925306,-1.1174444157867705,-0.9531556098408135,-2.4645572698685587,-3.034092970664098,0.15043276696279537,-2.152528381106038,-1.9859768093491041,0.010889399799268097
31,2020-03-20,0.07492188256027978,-0.7626730949559817,0.5364051126157193,-1.1137532809781212,-1.2154463617561753,-0.18855738186021404,-0.5918165086483299,-1.0061089420658555,-1.1310857806838017,-0.8743178426255795,2.2549191243838345,-1.9445118180467211,-1.3545305091661937,1.6593013766642926,1.9916320280787723,1.6010089919889987,-1.2648101479218086,-0.9455026797982717,-0.8547139050636079,-2.3255518408805123,-0.08153758830513878,-2.1178797115377566,-1.5443003355889615,-0.021898685307637573
32,2020-03-23,-0.5321832821696482,-1.4052597260763453,-0.8544629285782861,-1.2661055096035496,-1.4603886725664148,-0.476053040241719,-0.5471841719154008,-1.6110550586079557,-1.441697479380824,-1.3069646490701106,2.2356542706949236,-2.067327092050456,-1.406448473163551,2.004704591795187,2.1807040446550916,1.9201964298420429,-1.4150654042163582,-1.0502889526885124,-2.3126852543209213,-2.233240845743907,-0.5576888135103243,-2.568271503822333,-1.9040919240137986,0.025502292810936043
33,2020-03-24,-0.20503161524163288,-0.12586594033771714,1.2687471463223854,-1.3778213014640208,-1.6304529209023335,-0.45163879029138393,-0.15909245906853997,-0.6370918109751776,-0.8236687886229377,-0.24843599618730008,2.37900483984817,-2.150524535730411,-0.5832879867327024,1.395122825954267,0.4104713144983093,1.9776808052370742,-0.7909281857620907,-0.03892481321983284,0.36026221931748675,-1.6184512769755577,-0.6962816734287371,-2.064728145461184,-0.7893980502493277,0.007168489478612497
34,2020-03-25,-0.6103181324534023,0.46243040438054683,1.2687471463223854,-1.396619819385866,-1.714769308363824,-0.12183487473885496,-0.278170215284979,-0.3066399948140568,-0.30285953600840554,0.9784686389373095,2.0173984478929996,-2.1307156205685125,0.17483208371107914,0.9994027727102753,-0.8340689126693888,1.7352553420983297,-0.10059459565357981,0.7524844837673035,1.281619113639817,-0.8883563475382794,-0.7790764595157605,-1.478800515443822,0.2234828686881041,0.0
35,2020-03-26,-0.8870728209483962,1.0877028686229062,1.2687471463223854,-1.360172901758154,-1.7351662976702102,-0.2868128435960352,0.011673828557300564,0.03662712723697084,-0.24814023602669322,0.9565606906756045,1.886876066450763,-2.1227920545037566,-0.0682232180295659,0.9000545357697141,-0.6175465101138321,1.3877358894606537,1.005830473424446,1.794781445365995,1.210745506384253,-0.8883563475382794,-0.8484952439082961,-1.0576497209376985,0.791523772346357,0.007117467768863955
36,2020-03-27,-0.6019435448088952,1.4381552056050149,1.2687471463223854,-1.220376981189106,-1.6852186432155387,-0.3190552941743726,1.4783717481687304,0.4027787240914,0.2751005427360261,1.1088685570690617,1.7824583810517953,-2.027709261726667,0.3945004576521595,0.5224966650610599,-1.1396628811090475,0.9471307019356549,1.340189697596376,1.539505387303469,1.453740731260472,-0.14278237366064084,-0.8709126293509835,-0.5657869778447695,1.3499210333934568,0.007067167223092353
37,2020-03-30,-0.16736694664008495,1.4381552056050149,1.2687471463223854,-1.033953090089943,-1.5654749216294799,0.06741166243424435,1.4005344349892372,0.7689303209458288,0.38891117468057046,0.8041633104023823,1.698924373375296,-1.8415054592048936,0.12183902232658592,0.4855971648980448,-1.1654837002805256,0.49164582891479436,1.4733704929483589,1.142371070560192,1.7473599613192365,0.6187681853715252,-0.874143149841409,-0.05280658420343809,1.827687156261962,-0.014184634991956413
38,2020-03-31,-0.6298361131752904,0.669309198945415,-0.8956286954207587,-0.8569628170401412,-1.452040748781607,0.09213660490063433,1.5130065315460288,0.3455675370828921,0.31062200465694584,0.4216257452937004,2.1083820835097686,-1.7781169306868372,0.25807640291486156,0.07355803666921723,-0.8734320662693629,0.10369614746388847,0.817711192753971,0.01681695794919331,-0.24722584287306057,-0.44481375684619834,-0.898305072056839,-0.11605476366138968,1.3626975852236178,0.0035650661644961446
39,2020-04-01,-1.0976270146476075,0.8912535025338929,-0.6017749240694629,-0.6798886507723921,-1.3321591954245453,0.5010075563497832,1.2125059640077063,0.7079050548034287,0.4838147353583922,0.3391566078806573,1.800901767760349,-1.619645609391709,0.029279609080769115,-0.1706333232851668,-0.8734320662693631,-0.21812744177513527,0.35621290556358104,-0.4284444263443458,-0.06497942421589635,0.31459490015979497,-0.8659171726503321,-0.05275665379262834,1.1767611394802726,0.007092228309491837
40,2020-04-02,-1.157755015709928,1.3339011152567932,0.5639042096867076,-0.5360008533858834,-1.1869825446217137,0.36369162059467935,1.02820623064646,1.1716970774857058,0.5020391224871635,0.1810907611723378,1.5549177272066328,-1.3423207971252065,-0.17486071359508898,-0.09384289710239992,-1.2205028317869655,-0.5250346324602332,-0.0382071422095979,-0.5357345299927493,0.4716350307190871,1.4120178671540782,-0.6878852491105057,0.178650375853768,1.2751748252044233,0.0
41,2020-04-03,-1.0616718736428719,1.3339011152567932,0.5639042096867076,-0.4001057702598776,-1.0308904788383746,0.15185258595461254,1.0858784912529134,1.1716970774857058,0.734229179014814,1.0401442758915533,1.199369207235559,-1.1402698624739207,-0.10266824125555635,-0.2985058730134347,-0.8891300159187282,-0.756224586087321,0.3562129055635935,0.3755107829303309,0.29951341309843205,0.9339540555658691,-0.5176330909539052,0.3126754935951002,1.2107296105632877,0.007042282625412951
42,2020-04-07,-1.0064679413333333,1.4381552056050149,1.2687471463223854,-0.22211963751646205,-0.8500903487352292,0.6793611289243408,0.9435936983467769,1.6354891001679825,1.2044986495295609,1.90607021872849,0.9149305481832913,-0.7837093895598498,0.2096092501275409,-0.48385649557849975,-0.2936197276237773,-0.8525397490744079,0.9384520237049642,1.205853692546497,0.8361278680334154,2.216071583949098,-0.5079381381794099,0.570766664378253,1.3415820721677307,-0.007042282625412923
43,2020-04-08,-1.2291679964910829,1.011855091414004,-0.26733658450654085,-0.056882364023565515,-0.6860771882285974,0.29524324371988675,-0.09519335900710948,1.1716970774857058,0.6477108133712671,0.31472130790642255,0.6873797213731483,-0.5975055870380671,0.0017016774744335694,-0.004996304238108162,-1.0861327761056754,-0.9751450060626862,0.8660075251343783,0.7045867747597732,0.17801580066032255,0.7768923237011562,-0.4248233605995732,0.5148692124039774,0.984620955771161,0.0
44,2020-04-09,-1.4422812376358294,1.011855091414004,-0.6472822786834252,0.10305683675148966,-0.5398105993830251,0.05255030457685948,0.6105579114180036,1.1716970774857058,0.6546272366604609,0.3529014641161669,0.5053391242012606,-0.4667667469695762,0.07074520091409917,-0.22645208738548872,-0.7608360905184609,-1.0588912360263127,0.7935630265637917,0.3935498323163215,-0.004230617996841628,0.46613446851168966,-0.39727090083689004,0.46046991437237667,0.7012547297532626,0.0035273405179684406
45,2020-04-10,-1.2803655512424479,1.2459127395862526,-0.045109063701941586,0.23751728982637782,-0.39934414767461984,-0.009155156198556565,0.5353381960668541,1.403593088826839,0.6059356167045747,0.1678745532535346,0.20094537927931566,-0.32414255780395135,-0.10115709188583409,-0.40034445921388845,-0.7608360905184612,-1.1159750048767754,0.4216812672347822,-0.07776133073244217,0.17801580066032255,0.6187681853715252,-0.3710340878104775,0.5037745051896666,0.6182113001075386,-0.0035273405179682992
46,2020-04-13,-1.269091933414594,0.5684955806181957,-1.1954943895615502,0.3140084195678033,-0.2814514613302103,-0.3961928844774278,-0.20112737460551908,1.0646681491744117,0.6047670797348719,-0.13798625858055646,0.11619173074646397,-0.2567922462535257,-0.007935400209637383,-0.5837652403344497,-0.40093370918471605,-1.108035730061713,-0.012985724188722998,-0.5166022048863883,-0.18647703665400583,0.1597845261617863,-0.3710340878104775,0.41541293195062085,0.3581938280715644,0.007042282625412951
47,2020-04-14,-1.34661061961054,1.4381552056050149,0.8833504052799305,0.40719397789155587,-0.15947001233737731,-0.11471773480303012,0.0677545295108197,1.4808917592738933,1.029502445911257,0.6763098461281511,-0.11037245544260309,-0.25679224625351693,-0.1757939464830672,-0.726427706426402,-0.4009337091847159,-1.0675695370640335,0.5665702643759548,0.6385529212498077,0.41088622450003237,0.15871726413199733,-0.3701961580118351,0.5345786328728221,0.45529769313798374,0.0
48,2020-04-15,-1.3196147666400189,1.4381552056050149,1.2687471463223854,0.5111232803608969,-0.04182798400851254,0.2897727302564809,-0.29751365806331836,1.4808917592738933,1.0747439393550293,1.246317119424074,-0.45038504759592446,-0.15774767044405863,-0.30426384450217964,-0.8356138806003008,-0.40093370918471616,-1.013811340353061,1.1074891870363255,1.3509313806387433,0.41088622450003237,0.7714019022313797,-0.382632725674375,0.585120386791021,0.432086140129565,0.0035026305512020745
49,2020-04-16,-1.1439074925791024,1.4381552056050149,1.2687471463223854,0.6347351986041494,0.07815361529445931,0.14569201710635146,0.49386638033085456,1.4808917592738782,1.310210130813637,1.2251711867541482,-0.24611130609226867,-0.06266487766698711,0.11190584415839015,-0.9962479036047287,0.3696463360578662,-0.8575433256037869,1.8512527056943198,1.9550755437116618,0.5931326431571965,0.7686859997961372,-0.3643414762490566,0.686371746482617,0.4880729076739896,0.0034904049397685676
50,2020-04-17,-0.9978897136427846,1.4381552056050149,1.2687471463223854,0.788193408710796,0.2039250301516591,0.6047422041866306,1.3196008713100456,1.867385111509116,1.486992630038652,1.3837656817792026,-0.40021483745647396,0.012608999948229695,-0.07344816779536789,-1.1018990926946122,0.3696463360578662,-0.6617309559379224,1.8512527056943198,1.4316151288015662,0.7045054545587969,0.6122960843032696,-0.1712253424335074,0.8138211597870597,0.5713801195916237,-0.006993035490970637
51,2020-04-20,-1.0944719049213842,0.3124379250273135,-0.9631013521571312,0.9199561787511982,0.3008648080336636,0.4260571861039154,0.04131615125563507,1.0943984070386574,0.9286818949777128,0.6048904951004703,-0.5234976534190264,0.04430326420722714,-0.24218527541771787,-1.1980786999012605,0.3696463360578659,-0.46172757823511273,1.1751040523688596,0.1642899137560636,-0.06497942421589635,0.3102647011177074,-0.0490801414337747,0.6682806897582865,0.23666137153694422,-0.0035149421074446084
52,2020-04-21,-1.1646665413927457,-0.4650737506258468,-1.1954943895615502,0.982478331435013,0.36144620360045066,0.8056704742417196,-0.0041839479016990005,0.5629700477152044,0.05265550583918939,-0.9951517435970836,-0.6221239003466299,0.016570782980581282,-0.3955438594772907,-0.4139856626942373,-1.165565638485205,-0.4753731516573378,0.4313405337108497,-0.6209007086090919,-0.48009626671277034,-0.14172261442139264,0.5019376750251262,0.45855095075212277,-0.1254881680543191,0.003514942107444592
53,2020-04-22,-1.3323462024798784,-0.31608376655704185,-0.4836126167275611,0.997184114192631,0.4071285255697602,1.67065111098713,0.00013487814012018236,0.997775068979848,0.3294931564445727,-0.4488818162884517,-0.5422636521776216,0.05618861330436988,-0.21797859740406492,-0.6137783151442656,-0.6263644107954461,-0.526854351111206,-0.2448081196146111,-1.0066083827533756,-0.1257282304349511,0.3102647011177074,0.669525272772554,0.4080588558647368,-0.18108798754478198,-0.007042282625412923
54,2020-04-23,-1.0427901588159119,-1.4052597260763453,-1.1954943895615502,0.902060199219113,0.41585348070899303,0.795509020915146,-0.3002778606074672,-0.45157500190226485,-0.7914676652013495,-1.324779517570733,-0.31961421676775603,0.06807396240151262,-0.4301184094655118,0.059827251392812225,-0.8048368841474751,-0.6166246979080696,-0.4701910040564313,-0.7494699333238511,-0.7129666905524802,0.008233317932145053,0.753853478186675,0.1728070261122111,-0.4972116159705321,0.0
55,2020-04-24,-1.5383110662144366,-1.4052597260763453,-1.1954943895615502,0.7228257190618541,0.40050377682267135,1.3741461878455876,-0.4969602313426075,-0.45157500190226485,-1.1835789992318329,-1.1152990883130482,-0.4590171481556489,0.052226830271991896,-0.5658550796439559,-0.16055889489725056,-0.8048368841474748,-0.7186021323846372,-0.35749956183551374,-0.2214177603882126,-0.5408450729318252,-0.14225062826769774,0.8487079528840663,0.025042431018681185,-0.6214820460903215,0.0035273405179684406
56,2020-04-27,-0.8686298499116202,-0.6134097137225872,0.45101368862314467,0.5784848790583859,0.38241002515734696,2.7379733893957123,-0.4691414665000534,0.12816502645056724,-0.07579750724662263,0.0541002416050962,-0.2530170196707157,0.07995931149864656,0.30475473989489726,-0.42861908470970367,-0.26713141013729935,-0.7486223016459398,-0.2222698311704241,0.0173536569391951,-0.004230617996841628,0.15924900952492618,0.8839287400081522,0.031057116286560802,-0.49480376014424216,-0.0035273405179682992
57,2020-04-28,-0.9994043411096944,-1.3865972123184458,-0.9642436513108883,0.3932145819433227,0.35084966014648744,1.5895253598825667,-0.48294449556623864,-0.45157500190226485,-0.9452887429102543,-0.6779627535469427,-0.24697815415670954,0.06807396240151262,0.05301812060916527,-0.1769193472512019,-0.8380803917640295,-0.8136587564582525,-0.13211667739369376,0.04490420509235942,-0.24722584287306057,-0.29167854677492083,0.8716908448434607,-0.05906352562946634,-0.5348044982084524,0.014035318116383583
58,2020-04-29,-0.8063544514539175,1.4381552056050149,1.2687471463223854,0.3370138831184975,0.35996226294159067,2.756395496209259,0.060568153168507166,1.867385111509116,0.8808518245959718,1.275253658867342,-0.0833858288412779,0.11165357575767919,0.835769958426749,-0.44267734342485454,0.20038594361737228,-0.7563301800703337,0.7694148603735866,1.2387612917294313,1.0082494856540705,0.308145182639211,0.9704563476929147,0.26870957645353827,0.04760493604725645,0.006944472352810995
59,2020-04-30,-1.0381344054886015,1.4381552056050149,1.2687471463223854,0.44718913430315327,0.41600855988016255,2.497030371379291,0.1456067943155242,1.4808917592738933,2.0300354739951154,1.5968109534295662,-0.1112732023174615,0.17900388730810485,1.5652804962368558,-0.6411995823503863,0.8631350229317732,-0.5551435390735033,1.1600785267394136,1.3918198925803442,1.4739903333334903,0.456528150667362,0.9782731434780461,0.6458337451197056,0.586091095477257,-0.013937507843781624
60,2020-05-06,-0.09520408105419313,-0.6322651345966445,-0.5557684170184645,0.5356934891779896,0.4480174366424913,1.146098698099749,-0.16582222334555044,-0.06508164966703109,-0.036759716629314,0.00928005822843289,0.34270059332750374,0.17504210427572686,0.9864684850480968,0.8315385784912895,-0.8592569251848841,-0.5207628537853229,1.220180629257232,0.9510111221297302,-0.06497942421589635,-0.28958856862365345,1.0085592079004082,0.469765195431783,0.2035461154610166,-0.0035149421074446084
61,2020-05-07,-0.9245015118141878,-1.0879984135914678,-0.977473285900555,0.635305450391097,0.45023873734702435,0.8045050384758394,-0.3730895577097825,-0.4515750019022708,-0.3784128300595521,-0.42883723427833265,0.07083470359438683,0.18692745337286082,0.7039265090179382,0.532009055636985,-0.8592569251848843,-0.5742938344938384,0.3186490914899488,-0.5183514460389783,-0.48009626671277034,-0.14172261442139264,1.0303191047481992,0.2503103750635566,-0.16627871445701337,0.003514942107444592
62,2020-05-08,-0.9000472264569234,-0.614588052170588,-0.5556359054758697,0.6479347565393747,0.4449301094636347,0.7318355476648033,-0.3782173836650774,-0.06508164966703109,-0.18586503396275683,-0.30790893182168333,-0.14665800680871205,0.22258350066426263,0.4478548257922094,0.26054132482124925,-0.8592569251848846,-0.6683078300405113,-0.4970222998233071,-1.3387455465998386,-0.18647703665400583,0.15871726413199733,1.0303191047481992,0.20309391564695717,-0.20890440791761267,0.0
63,2020-05-11,-0.9235610968376182,-0.614588052170588,-0.7327129192664701,0.556471360364385,0.43414511679424583,0.24777845631578851,-0.19521977032945506,-0.06508164966703109,0.014961955434225198,-0.365579657285369,-0.16189094421330075,0.2265452836966406,0.5327186907834569,-0.02836137941412112,-0.5006148256205585,-0.7287057059295461,-0.7116726659583743,-0.9451662872689349,-0.2978498480556061,0.008233317932145053,1.0646501728966535,0.16764578000770688,-0.22570253543841673,-0.0035149421074446084
64,2020-05-12,-1.3845366117046478,-1.1375718682488065,-1.1954943895615502,0.4807645563043582,0.4076118168909484,0.46045411550156756,-0.5108453880193146,-0.4515750019022708,0.09058363778939957,-0.2852525753895615,-0.33283852383264184,0.26220133098804244,0.29116816334375756,-0.24391203801691758,-0.5006148256205588,-0.7670220615125485,-0.7116726659583786,-0.5253484106493107,-0.48009626671277034,0.15924900952492618,1.0888863887205698,0.04646129408315995,-0.3651952650034048,0.0
65,2020-05-13,-1.4704228936121895,-1.1375718682488065,-1.1954943895615502,0.3884815771355891,0.3721258531741982,0.20950899056941466,-0.6460183621774036,-0.4515750019022708,-0.4511196801481696,-1.3652055653223243,-0.6283578165982351,0.30181916131183983,0.11407031728530694,0.10003178679463193,-1.0590100377693124,-0.8634932394398431,-0.6472775561178666,-0.34605119250968636,-0.18647703665400583,0.15924900952492618,1.0888863887205698,-0.02680784124492927,-0.40634170406344455,-0.007067167223092443
66,2020-05-14,-1.379038330461526,-1.4052597260763453,-1.1954943895615502,0.2411749054454023,0.3087051207440346,-0.17715201644823578,-0.5332073183828675,-1.2245617063727334,-0.9406137885877338,-1.640102690032399,-0.7060120208631101,0.2701248970528072,-0.08870983948197156,0.37911402003127537,-1.000071521247915,-0.9741025369814358,-1.0336482151609883,-0.9233007728616741,-0.7129666905524802,-0.29273457446755,1.0530342857026276,-0.25671099446783896,-0.6695506751501298,0.0
67,2020-05-15,-1.2547506050219082,-1.4052597260763453,-1.1954943895615502,0.03800950325384623,0.23166961371506908,-0.17739661332755527,-0.3137757606808741,-1.2245617063727334,-0.9622409966300449,-1.1361246280637816,-0.9268966133301169,0.27804846311756315,-0.23520721518963647,0.1622906484034657,-1.000071521247914,-1.0828958304452765,-1.484413984044622,-1.4349538099918342,-0.6015938791508798,-0.14278237366064084,0.9866448418659558,-0.382362959985013,-0.7268421073264167,0.0
68,2020-05-18,-1.2320294450350315,-1.4052597260763453,-1.1954943895615502,-0.2103882599418667,0.1508256750598031,-0.41334518486674254,-0.5668444994695909,-1.2245617063727334,-1.0486996761087177,-0.9070436908053695,-0.9448430579421443,0.21465993459950666,-0.40435555284682606,0.4657751862295417,-0.4792923105702487,-1.1142199460876374,-1.6647202915980763,-1.350990234667908,-0.4193474604937156,-0.7363213984573489,0.9272042537404899,-0.439482802580365,-0.6719156127467173,0.003539826705124208
69,2020-05-19,-1.2890879875492922,-0.8472170696053809,1.2687471463223854,-0.40661039973757457,0.08453053988914351,-0.04495436950629756,-0.4231504490803642,-0.8380683541374937,-0.5794471980941047,-0.04226315265469223,-0.959200213612615,0.1314624909195603,-0.11872884270097775,0.1784224809096643,-1.14418852142338,-1.189847673634118,-0.7631887538307888,0.19184046190923673,0.056518188222213106,-0.8790491883811434,0.9038473241218437,-0.3582641357542551,-0.42458164508736274,0.0035273405179684406
70,2020-05-20,-1.2271796655694327,-0.3110946559209765,1.2687471463223854,-0.51245829717174,0.04321392533776028,0.1644469808365232,0.09178135379968248,-0.4515750019022708,-0.3650729081379565,0.696522870003897,-0.9706859381367345,0.15523318911382816,-0.304325647032037,-0.07822210806417186,-1.1441885214233802,-1.281905592760527,0.5891085528201326,1.826506318996916,0.41088622450003237,-0.14172261442139264,0.9172684623684566,-0.19700433320426522,-0.10903365643731099,-0.0035273405179682992
71,2020-05-21,-1.3513887317637983,-0.8286407029749189,0.18659776080751034,-0.5615932307982751,0.007973035165331524,-0.20209257012773382,-0.19445344768035097,-0.8380683541374937,-0.5573429366297342,0.5001677809251653,-0.9798745177481857,0.17504210427572686,-0.46984318540046843,-0.30710094439776886,-1.1441885214233796,-1.374831330519433,1.220180629257241,1.8081392868948214,0.11726699444126783,-0.14225062826769774,0.8969420427831624,-0.1832708295325864,-0.07349642338427216,-0.010657294473988093
72,2020-05-22,-0.9621897781893114,-1.4052597260763453,-1.1954943895615502,-0.6367048211120862,-0.05669231102162128,-0.26959065506925634,-0.3119972723993522,-1.6110550586079557,-1.3723016912752137,-1.4797460339514643,-0.8284641526432339,0.09976822666052766,-0.6465951639501951,0.6159251210873867,0.03930742569352147,-1.3068498905054184,0.3186490914899534,-0.2857023727455955,-0.8445891040270987,-0.7415463438355197,0.7806626149847274,-0.44811970943825186,-0.4546535514018699,0.007117467768863955
73,2020-05-25,-1.4590679945642417,0.15495857946266323,0.35487661124671105,-0.7443859546176506,-0.11072338909563519,-0.294823263553303,-0.13453901237159954,-0.45157500190226485,-1.1705267495554237,-0.7695951284503233,-0.8660970893759936,0.06807396240150382,-0.7728052508026277,0.30485441913624906,0.03930742569352132,-1.1623224569349477,-0.3574995618355074,-1.139769365493656,-0.1257282304349511,-0.44163447912845377,0.745541467054878,-0.39766468215462825,-0.29600236569948474,-0.003552401604367772
74,2020-05-26,-1.3457305100553303,-0.45581226179142875,-0.14806898766918306,-0.886320020147393,-0.16601435211384585,-0.4497292521594715,-0.34442604361940404,-1.0313150302550975,-1.0150462348283462,-0.5971106580439335,-1.0549646674687398,0.02845613207772402,-0.8613776034844153,0.08654964961016516,0.03930742569352147,-0.9905391028618389,-0.9209567729400573,-1.3004808963871044,-0.4193474604937156,-0.44321852066739753,0.6965992936190185,-0.4420808624813055,-0.30856620686912695,0.007092228309491837
75,2020-05-27,-1.1682219392781408,0.9962227571453504,1.1129689186635616,-0.983218910989382,-0.19379554274077443,-0.45503800892880397,-0.3120665089069521,0.12816502645059294,-0.13591842520079253,0.43880681558806556,-0.8885362725000613,0.02053256601296806,-0.037661589071047885,-0.2215500696864542,-0.8973100301249755,-0.9405615996164924,0.09326620704814091,0.651016264461965,0.29951341309843205,-0.14225062826769774,0.6965992936190185,-0.25866272432933307,0.016357079720176894,0.01054491317661482
76,2020-05-28,-0.6532966700675367,1.4381552056050149,1.2687471463223854,-0.8934109154120632,-0.16634716404472938,-0.37980040737493953,-0.1584204935084163,1.867385111509116,1.2970735642788689,1.5473949226781145,-0.7553935565623644,0.08788287756340252,0.6571459543451512,-0.4833862101182094,0.11281053609880898,-0.8255711372563725,0.7694148603736016,1.4316151288015855,1.2512447105302895,0.6144381508506815,0.6904752789293691,0.14880237195436083,0.6057016861281798,-0.010544913176614887
77,2020-05-29,-1.1460540159828707,0.16461343152060864,0.17877743900984552,-0.716010565450216,-0.14190182372511354,-0.3694229335964089,-0.2168399960285642,0.12816502645059294,0.7381472281332253,0.7537931043184469,-0.6488793838360443,0.09580644362815847,0.316756099154945,-0.7062744653369973,0.11281053609880898,-0.6867977743160733,1.1074891870363288,1.2249860176528542,0.17801580066032255,0.1597845261617863,0.6904752789293691,0.10732651169388417,0.4171200524664793,0.007042282625412951
78,2020-06-01,-1.1179123600065106,0.9235440905544596,0.4938816852352311,-0.4560999839803994,-0.09612568788632668,0.05322653459700947,0.6683368846080838,1.2876450831562836,1.1751800548002342,0.7515022949458481,-0.5636680456702443,0.14730962304907222,0.026564744462797208,-0.8962925981945893,0.11281053609880898,-0.5472187162177486,1.1751040523688723,0.908154713891476,0.5931326431571965,0.4628869426210498,0.7151091504800353,0.26837199168036935,0.564012592960493,0.0035026305512020745
79,2020-06-02,-1.2837216790398709,1.2810280705848016,0.8416049925630935,-0.17254815177369043,-0.027694674328756202,0.06468727336437347,0.7409776958443329,1.867385111509116,1.3624798376575455,0.8527144181346038,-0.6542602037841153,0.17900388730809605,-0.1798964143091724,-1.0314839581821513,0.11281053609880869,-0.4186227979856007,1.1751040523688723,0.7428514249724992,0.7045054545587969,0.461280392710479,0.8104301506494808,0.4503343240554803,0.7122797150523986,-0.0035026305512020003
80,2020-06-03,-0.771483934042047,0.8451981433590959,-0.29948390422439475,0.061817331876074764,0.038663888394482045,-0.0024769080586309294,0.306597250805866,0.5629700477152237,1.334549168284129,1.1297846426447782,-0.5679727016382456,0.15523318911383696,0.5238020272716638,-1.1758290020912578,1.0167909586916826,-0.18867967073755343,1.0398743217037774,0.5224470397471903,0.11726699444126783,0.15871726413199733,0.8104301506494808,0.44812589928033,0.5601155868408932,-0.0035149421074446084
81,2020-06-04,-1.2128872807071258,0.41774431899105113,-1.153751286250247,0.2625534268370521,0.08784235182598331,-0.1983586557226796,-0.24306301986624163,0.1281650264505801,0.7173361411491088,0.009280058228538182,-0.4989426999278705,0.14730962304907222,0.20469043547764282,-0.7064063622540127,0.004987455844032364,-0.057256902221712425,0.22849593771321525,-0.5795748863793487,-0.2978498480556061,0.15924900952492618,0.8104301506494808,0.33470255204187466,0.2748700794296245,0.003514942107444592
82,2020-06-05,-1.4349772897183648,0.8290821472106592,-0.011581276967903738,0.40574066592906244,0.1354363550470171,-0.32293194571009115,-0.4165262699828304,0.5629700477152237,0.48184226211799486,-0.3725215038689461,-0.7612411557976669,0.19088923640524758,0.02540500945602867,-0.8306061292126509,0.004987455844032213,0.013171987878444714,-0.5828824462773349,-1.3509902346679097,0.11726699444126783,0.7714019022313797,0.8104301506494808,0.34786150267172095,0.23278182629679495,-0.0035149421074446084
83,2020-06-08,-1.047121661254461,0.38063329051749123,-1.1954943895615502,0.4614034102335629,0.1669876638834218,-0.3130528977818376,-0.4329381522704648,0.1281650264505801,0.14503124908513887,-1.288845252902707,-0.8123186918683133,0.20673636853475072,-0.18461237806533357,-0.34631563952438627,-0.9398355997415737,-0.07602264851799515,-0.8533419076075262,-1.075484753136285,-0.2978498480556061,0.31133573439140855,0.8137084899834096,0.24813335580368792,0.03313849661100455,0.003514942107444592
84,2020-06-09,-0.7877602798679346,0.8137332083391772,0.008660218173086287,0.45080394475456814,0.19848093023210556,-0.3089478065342847,-0.3619465864878694,0.5629700477152237,0.26695880069075095,-0.677962753546842,-0.8531807207229126,0.2661631140204292,-0.3706378067673834,-0.5512074637790423,-0.9398355997415737,-0.23937666484972406,-0.5828824462773349,-0.24896830854137778,0.056518188222213106,0.6165954634233425,0.8104301506494808,0.273374864733849,0.057160991911063955,-0.007042282625412923
85,2020-06-10,-1.1373630433741275,-0.07746721922391706,-1.1954943895615502,0.3822969496512615,0.20373955621711898,-0.7037301004986581,-0.6256950153767467,-0.3066399948140442,-0.06932294685154843,-1.0528224690607135,-0.8858703438053647,0.25427776492328646,-0.5352123333058456,-0.7324728703612781,-0.939835599741574,-0.4272320777744183,-1.1238013689377055,-1.0203836568299502,-0.48009626671277034,0.008233317932145053,0.8022157370298533,0.08981626766795252,-0.23061024087208074,-0.00709222830949191
86,2020-06-11,-0.46100540513263544,-1.4052597260763453,-1.1954943895615502,0.2191783025808441,0.1685706792149317,-0.6415491126725303,-0.6480850248788043,-1.1762500373433118,-0.9906082389289191,-1.794732322681808,-0.7532608136657407,0.15919497214620615,-0.7108250182762171,0.348316995292559,-0.0470815518237806,-0.49626316180724395,-1.394260830267885,-1.2958891383615774,-0.9559619154286991,-0.7389247366265356,0.7721937096824503,-0.21187168589810734,-0.6345074074988676,0.0
87,2020-06-12,0.5489495881894746,-1.4052597260763453,-1.1954943895615502,-0.014270227382963935,0.1109142768896604,-0.3955994569627847,-0.49149384527843426,-0.8380683541374937,-1.7009121664084557,-1.4511109167942131,-0.8059344181596952,0.1314624909195603,-0.8339316478932232,1.350049038798081,0.8094600648504265,-0.387749344933582,-1.4844139840446153,-1.0938517852383849,-0.7838402978080441,-0.2937980652534172,0.743411693189657,-0.38288102782354894,-0.7654943655499625,-0.01795380361659582
88,2020-06-15,-0.023096276939977792,-1.4052597260763453,-1.1954943895615502,-0.33951371557499516,-0.01629435229744373,-0.9483577188808662,-0.6888499774892296,-1.6110550586079557,-2.3210825585359496,-1.5186079786649576,-0.3717896159487908,-0.030970613407954473,-1.0067251707680924,2.495139068467464,1.5210698976096102,-0.10505468599530579,-1.4844139840446153,-0.9469155284215155,-2.039315626335175,-1.3413700732496516,0.46489798205476085,-0.9394280634129649,-1.4371223383828249,0.007220247973487097
89,2020-06-16,-0.9031507706779257,-0.6942892514045,-0.24306606586521742,-0.6708745012206416,-0.15331705064267023,-0.7582890480713556,-0.5084624959581764,-1.0313150302551108,-1.5163871951490546,-0.8377866632620992,-0.34199623138674123,-0.17755658560594853,-1.108918590642437,1.8499706425400582,1.5210698976096102,0.24343063449118013,-1.1839034714555225,-0.48161738183475955,-0.9660867164652082,-1.1872195693617527,0.3314935698920027,-1.0436781476316186,-1.30943323243276,0.00359066813072854
90,2020-06-17,-1.2785974662075035,-0.31549812862084864,0.9302806421754134,-0.9333765977785576,-0.2747851869516073,-0.49446053678104285,-0.5654122187749606,-0.7414450160786814,-1.102143407798893,-0.529369713163043,-0.4769227523371967,-0.2805629444478024,-1.1816180195198926,1.3910039482816476,1.5210698976096102,0.5970348377686719,-1.1275577503450638,-0.5237084970687532,-0.24722584287306057,-0.8915022761890528,0.24722840933892357,-0.9643867545316124,-0.9374293230916791,-0.003590668130728596
91,2020-06-18,-0.6013064049223532,-0.5649297847873628,0.7905850873172436,-1.121808910233568,-0.38971790454221383,-0.7372118857491318,-0.5970253985247131,-1.0313150302551108,-1.0220194059473748,-0.5834668669277581,-0.4261027404973914,-0.37960752025725186,-1.2592334649973926,1.4998817177024293,1.730092779988004,0.9515420921584096,-0.5866388276846978,0.10230118041145014,-0.30797464909211525,-0.8946703592669403,0.1402703691588787,-0.9664635017878794,-0.759458044251568,0.0
92,2020-06-19,-0.3151213469132463,-0.5649297847873628,0.7905850873172453,-1.218406401147253,-0.4916730796142851,-0.6048965091151708,-0.446747800982389,-1.0313150302551108,-0.7975118875031232,-0.2619999990512827,-0.544207959624419,-0.4905374451638529,-1.3143698390336613,1.0810007032485376,1.7300927799880028,1.2775707192062524,-0.2110006869483299,0.39464310803668307,-0.1257282304349511,-1.0414582085425856,0.08210220124404256,-0.9232202765638802,-0.5504491421164868,0.00359066813072854
93,2020-06-22,-0.32623939423382387,-0.012676934028932286,1.2687471463223854,-1.2587877807816046,-0.5652642701595991,-0.2932723284435473,-0.23021675662645857,-0.7414450160786814,-0.5648953472288201,1.3837656817792634,-0.47993090632734575,-0.5737348888437993,-0.9080512824123754,0.6338090610874799,0.5585614085116178,1.4102451665652702,0.296110803045769,0.7443820109810102,0.36026221931748675,-0.7441864130670927,0.026278913172619718,-0.7600794270345126,-0.206962036872818,-0.003590668130728596
94,2020-06-23,-1.0063726762474168,-0.3335580732050301,-0.06611179855531286,-1.2777028728186757,-0.6265504157935406,-0.4771289910733918,-0.0244637735284527,-0.978611391313944,-0.6231126187755742,-0.28525257538958676,-0.5872704922876907,-0.6925883798151474,-1.0049387386454722,0.31652736130935477,0.5585614085116178,1.4334389551149676,0.4313405337108635,0.5775481360535235,-0.1257282304349511,-1.0414582085425856,-0.04359031114240065,-0.7204584732618741,-0.1137779959628499,0.007168489478612497
95,2020-06-24,-0.5766554714519585,0.5372095027223506,1.2687471463223854,-1.2371893912697933,-0.6499867923410244,-0.3504153316775328,0.041029362911130414,-0.065081649667039,-0.1824373255183239,1.7028427015320227,-0.5143809324581536,-0.736167993171314,-0.17319936330907268,-0.0221871163991845,-1.271987178329504,1.1610502557363105,0.8370297257061352,0.8943794398148912,0.4817598317555962,-0.44481375684619834,-0.07553027809173309,-0.47401228215843244,0.2648549068745106,0.0
96,2020-06-29,-0.6350669529845552,0.5462605685088422,1.2687471463223854,-1.1559227659877334,-0.6462518016160409,-0.4856824529720635,-0.14301404473280718,-0.065081649667039,-0.10465036699729018,1.0137118600540007,-0.45606928459471135,-0.7440915592360612,-0.3947088204947523,-0.31061563896330224,-1.271987178329504,0.7600899767516487,0.8370297257061197,0.6739750545895646,0.4210110255365415,-0.14385721844065905,-0.07893405373097023,-0.3022090928545845,0.4580170435985033,0.0035650661644961446
97,2020-06-30,-0.7364447362486914,0.979042911433933,1.2687471463223854,-1.0340947763005826,-0.6115805963635232,-0.13468104000025774,0.6442440200402857,0.32141170256819895,0.21262631507695468,1.0630523696173866,-0.5681811949011355,-0.7282444271065492,-0.5520586825863425,-0.5155016462036244,-1.2719871783295036,0.3262634044157318,1.5131783790315805,1.472940951031305,0.6032574441937056,0.008233317932145053,-0.0892426711942491,-0.08866436102238964,0.6739174304392215,0.0035524016043677006
98,2020-07-01,-0.5006199490248215,1.4381552056050149,1.2687471463223854,-0.8344510988497779,-0.5457484543609543,0.3793079686454582,1.6930044451522517,0.7079050548034196,0.866915828847633,1.555576384722988,-0.4991094945491782,-0.5975055870380583,0.21052852796661917,-0.7342312476034046,0.05124796737857878,0.08300233018550289,1.5582549559199441,1.2617200818570597,0.7146302555953059,0.93730811620947,-0.0743995662622857,0.14072219401557928,0.8699292467291062,0.021053409197832263
99,2020-07-02,0.7904561948953879,1.4381552056050149,1.2687471463223854,-0.553302915109962,-0.3908618873339574,0.809345863256078,2.1216729577937987,1.867385111509116,2.23654549099162,1.7678131354183881,0.19119278011945673,-0.4073400014838977,1.8505370603462261,-1.0301855367507224,1.441859443818313,0.13749998076058262,1.8963292825826823,1.449982160903686,2.3345984214367657,1.5455513294701577,-0.12678524709306238,0.8416367181472915,1.7200046682068975,0.02061928720273561
100,2020-07-03,1.1749766713606025,1.4381552056050149,1.2687471463223854,-0.1812149370505105,-0.11793702474921598,1.6576441491397396,9.770109890574847,1.867385111509116,2.78046667541489,1.6162154563502713,0.5846733712569397,-0.13793875528217753,3.4771097544477323,-1.22652739227259,2.0488998729439176,0.41833549655725133,1.8963292825826823,1.2938623880357583,3.4989505406353145,2.3059451846394956,-0.41062694608020067,1.7967312445166743,2.77377421663603,0.08161133544616295
101,2020-07-06,3.977782999990603,1.4381552056050149,1.2687471463223854,0.28096963285636756,0.5100184047140456,2.6919455161349175,14.11253387190155,1.7127877706150236,3.0496831629139938,1.8004066364180196,4.233443644695695,0.5395261432545362,7.97198708907659,-1.5841683594369165,2.6685270338290246,0.8722284177890244,2.057317057183987,1.3856975485463054,9.867450392599551,6.311237165237997,-1.9138788844545322,4.657206301839473,6.4181835491365335,-0.009448889197932396
102,2020-07-07,2.30673288398075,1.1220746824509231,0.7085986086719773,0.7547160271729657,1.274917582256143,1.1312083229622951,1.4143813212294025,1.0141828056313447,2.2396671540392346,1.2485400072250195,5.088563891688899,1.1654878623703275,7.449725952106661,-1.692700864479257,2.7247152373142347,1.3846636293435257,1.6985443023582336,0.8084479681943145,6.597139657807106,5.850041761776596,-2.518601216327552,5.900147278256035,6.955524768308502,-0.00634922767865878
103,2020-07-08,1.9578861232205913,0.9091466437542655,0.13875886295574114,1.1432932063482575,2.0437288827657403,0.5399357629045237,0.17431929484908731,0.8829209124193796,1.3543711699864869,0.6702922283330208,4.661331489107379,1.7439081850975828,6.0750849741672,-0.9027962890979963,2.1057640118487964,1.8047194795564019,1.2759513940298204,0.2863697661592429,3.964691388314734,5.3695610069159665,-2.830060597073744,6.205230231274357,6.0065080627103935,-0.022545238321056323
104,2020-07-09,2.5688211192026826,0.260140211140555,-1.1954943895615502,1.409555478350985,2.6723638529483114,-0.1873378560940349,-0.3065822055338126,0.4235042861775007,0.8507951587783213,0.23798172241199397,4.637068024235305,2.2232839320153537,4.7555247173573525,0.519535495731617,0.9792371767320254,1.996990198796496,0.6147235588381388,-0.33824303255212546,0.21851500480635905,4.466455551392383,-2.8946322533516313,5.4580295114318735,3.7001702276565327,-0.03311560878449744
105,2020-07-10,2.7240018262192565,-0.4545257699847697,-1.1954943895615502,1.5052942534160927,3.0452800712703296,-0.692602145593942,-0.5883351893086421,-0.27319345471677337,0.3897962520506086,-0.623965104050259,5.093940938126994,2.5045705273142342,3.4995324502859657,2.2767670340853803,-0.34515090668685683,1.8852790505792354,-0.29925409259579744,-1.200068204698305,-3.5681605828480527,2.6030065045495294,-2.805032183346765,3.8244554530532286,0.551905851900363,-0.0033726844786393416
106,2020-07-13,3.431632632389756,-0.5506504667391527,-1.1954943895615502,1.4647686819220447,3.216539811701742,-0.9665446074371732,-0.7679198580913359,-0.34008653491133356,0.12305564279321429,-1.2568901221620132,4.348110669065264,2.773971773515972,2.870313026216386,2.5190126898508995,-0.7215506638468667,1.5786911425547279,-1.151684359109682,-1.7738983686065655,-4.003527027417945,2.450372787689675,-2.665620753195087,2.576631797427014,-1.3995545058857535,-0.013605652055778598
107,2020-07-14,1.8711564394056242,-0.8001375328215198,-1.1954943895615502,1.3321700859088232,3.1962262195714075,-1.129382378919362,-0.9455917041629763,-0.6076588556895699,-0.08831737541387502,-0.9664350449093972,3.7514464538160386,2.956213793005368,2.3133976661988185,2.7393429605140645,-1.0932607095995375,1.1494099575361558,-1.7300623883480122,-1.8789892339350716,-3.8921542160163445,1.6812292180329427,-2.525411733451059,1.3335816813071102,-2.9537044756929984,-0.010327114155849517
108,2020-07-15,1.472957994182683,-1.331845734614489,-1.1954943895615502,1.1373824337238523,3.0154211306559424,-1.3303924834456078,-0.9455917041629763,-0.8608032572101542,-0.26873635298169113,-0.9205190400558492,3.274115081616764,3.0869526330738677,1.8210597980250751,2.678600105293411,-1.2246199512603595,0.6755068456439165,-1.8096092887392428,-1.4094313902553577,-3.446662970409943,1.0690917755395861,-2.2797001712510534,0.24246347028172135,-3.973645932708585,-0.003466207976486284
109,2020-07-16,1.3840975188129978,-1.3991424798336711,-1.1954943895615502,0.9166693181562807,2.727770907891684,-1.421516783033371,-0.9455917041629763,-0.9290079664281377,-0.4150090445700572,-0.8952201585597522,2.8922499838574125,3.0909144161062545,1.3863041312864128,2.628505299631183,-0.9698365045572146,0.250625819970791,-1.8254153611546446,-1.163892757351223,-2.353184458466958,0.008233317932145053,-2.087348277194254,-0.5200520585805974,-4.306469630685157,0.003466207976486329
110,2020-07-17,0.04653463494041027,-1.3261351869907059,-0.6264203347038007,0.6972647180852484,2.396937368436363,-1.3679636186996889,-0.8771773753333674,-0.9153670245845409,-0.49222802619338674,-0.8154113159019669,2.2692354484572435,2.9760227081672666,1.0706046448195843,2.154528738055447,-0.969836504557215,-0.11455977186212336,-1.6483288090932133,-0.8724932684753081,-0.9863363185382265,-0.7185939052099727,-1.8997923210211978,-0.8616299381355961,-3.953843249850501,0.013745920904635136
111,2020-07-20,0.9872642484909876,-1.0195254997658711,1.2687471463223854,0.5128815369967712,2.10008562957541,-1.1322152444645597,-0.7296599343579151,-0.6882035849034243,-0.38213168393106206,0.045450732532441994,2.2471075059262406,2.4253348666666747,1.5342441418762667,1.583506113374858,-0.9612900706415316,-0.4183670566903418,-0.7467972713259304,0.3474831690082719,0.6336318473032331,-3.4750690605621357,-1.6335104644854832,-0.6505588406693261,-2.8592076755909908,-0.006849341845574783
112,2020-07-21,-0.25023533550478777,-1.1780825056889672,0.44955811615515384,0.3680130405978279,1.812121123948509,-1.1412038403818057,-0.6674133722717681,-0.8863800231668988,-0.4498271587753456,0.4674419327453881,1.9118826947087377,1.9063412894250977,1.1628315534006897,1.1702507576476076,-0.9612900706415317,-0.6660582840812083,-0.03552401263290998,0.9223474205158367,0.22863980584286817,-3.3728933213682306,-1.366923812301634,-0.6811903806901604,-2.338863529726591,-0.0034423441909729015
113,2020-07-22,0.18990771525302955,-1.2580586715034503,0.03086306956724813,0.2572955948619904,1.5301571556476927,-1.2644951325479175,-0.6252454466016716,-1.362595046456738,-0.5347082577569975,0.36475047811230515,1.8024640743310978,1.4111184103777885,0.7982019299942626,1.0462043629253648,-1.16391892127999,-0.8912254671193335,0.3186490914899479,0.7702827066834366,-0.004230617996841628,-3.2583226607244264,-1.1272109397201349,-0.7621522578036666,-1.9965866016223284,-0.006920442844573795
114,2020-07-23,0.8820601299411436,-1.4052597260763453,-0.8065238398246387,0.15270953198135456,1.2414525872613502,-1.2988882874502417,-0.6072179219808007,-1.4492671437187898,-0.7051347057791796,-0.9422869119220573,1.5561679494326515,1.0189018901723335,0.5071705812336961,1.5524630801139558,-0.8218057989188605,-1.0420711948892563,-0.24480811961460475,-0.46740479747003427,-0.6420930832969164,-2.6367548699974277,-0.8730060977779209,-0.9643820388503174,-1.9010597020276414,-0.013986241974739952
115,2020-07-24,0.6397284751516972,-1.4052597260763453,-1.1954943895615502,0.019395299473456806,0.9165608678746768,-1.4633820598622067,-0.5813999302017506,-1.5354367940401952,-0.8519030618033018,-1.4013762396262164,1.51789227811024,0.7613859930677295,0.22168468406631042,1.9606751258709014,-0.3176687148043585,-1.0771845225151484,-0.8946133189144029,-1.308829547342621,-1.8165700035319745,-1.8624290705184934,-0.760706762107895,-1.4198308533550126,-2.1969345252318657,-0.0035273405179682992
116,2020-07-27,-0.4882949192854312,-1.4052597260763453,-1.1954943895615502,-0.13733646375745637,0.5760477592255019,-1.5575476222109523,-0.7605075378853515,-1.6110550586079557,-0.9469065114838447,-1.0744489911096058,1.1697492838596388,0.49990831293075644,0.017996583810559665,1.54183099542673,-0.3176687148043585,-1.050384313118503,-1.474169307479081,-1.6409865889294524,-1.8165700035319745,-1.8687488758848723,-0.6721890721374895,-1.7250827107537183,-2.212806679500555,0.0035273405179684406
117,2020-07-28,-0.6185109298422157,-1.2452994795149692,-0.4678049274781786,-0.3006769219424324,0.2576590544204204,-1.4280603668275533,-0.8576060042764113,-1.5023538032917998,-0.988209236437117,-0.7043951693844082,0.8912348884591658,0.33351342557086366,-0.16648747341116205,1.1624761660045657,-0.3176687148043591,-0.9941833366202892,-1.6893075153553665,-1.4468804542139866,-0.9458371143921901,-1.1626554689379032,-0.5869872922329228,-1.737324056911031,-1.7947044734203315,0.00701757265864654
118,2020-07-29,-0.31623918218744007,-0.5325407304800124,1.2687471463223854,-0.43656732100908957,-0.004533935770729853,-1.3463485394064205,-0.7141293983002119,-1.2096965774406034,-0.8067699350426288,-0.29286979867276125,0.8271846007351287,0.2582395479556732,-0.11117411383689914,0.7787923654741379,-0.6503762271980844,-0.9707963933188921,-1.2326876455771332,-0.47187728905334136,0.056518188222213106,-0.43540793522450155,-0.4810753913532264,-1.4775258236268203,-1.0602553792382086,-0.007017572658646535
119,2020-07-30,-0.295883917499424,-0.9786514115472452,0.25670232021882045,-0.5385890169447652,-0.23898700942090015,-1.5069182552902773,-0.7016799758690202,-1.3936525479756432,-0.9022747886474618,-0.563422284917671,0.6171831419595654,0.17504210427571806,-0.2848936304598638,0.47509579125777124,-0.6503762271980846,-0.9660604419180255,-0.9622281842469538,-0.18456442974178816,-0.2978498480556061,-0.5853422476339236,-0.5735613296394068,-1.4423566998914281,-0.8029579915845602,0.0
120,2020-07-31,-0.15123306144726503,-0.8839903735773362,0.25670232021881795,-0.6097050106207237,-0.44063570115991413,-1.4479810157738433,-0.5388907932102885,-1.3434827378297247,-0.7874278659632578,-0.36557965728540753,0.44918197493911743,0.07599752846626857,-0.4415931630218742,0.2011535644688584,-0.6503762271980846,-0.9712269109889293,-0.747089976370676,-0.17400934960519204,-0.06497942421589635,-0.7311687706622644,-0.7465820667125269,-1.3556838516239493,-0.5213965150845883,0.003514942107444592
121,2020-08-03,-0.2365320209902578,-0.4478019218087263,1.2687471463223854,-0.660367373671541,-0.596145547261205,-1.428260765865313,0.007645399702995663,-0.9786113913139415,-0.678073922018502,-0.24843599618719633,0.15601981272643511,-0.09039735889362417,-0.5647864938544209,-0.014213098226552708,-0.6503762271980849,-0.9810238828253562,-0.6504973116098933,-0.23411963648481338,0.22863980584286817,-1.158659261474186,-0.5047737034530334,-1.1472849409118184,-0.1171790815283682,0.010471299867295437
122,2020-08-04,1.4071385597305661,0.8033222426850882,1.2687471463223854,-0.6716182900436035,-0.6764932643184429,-1.2425144717309977,1.4309125860959095,-0.029945890372926907,-0.022800097561183612,1.7430062424799457,0.39777376874528036,-0.18151836863833531,0.3348341273548518,-0.2970059099625295,-0.39563124724169657,-0.9592861938890704,0.20595764926902307,0.8602692373395399,0.9981246846175614,-0.4323588544467938,-0.12905733479806467,-0.6856612582859053,0.5784996451851275,-0.010471299867295366
123,2020-08-05,-0.29335808173521766,-0.3156142513356158,-0.28379136794007914,-0.6655905339195097,-0.7382620891162807,-1.3805147227080374,0.2739197527460208,-0.9786113913139415,-0.37825579347072874,0.20563514730717738,0.4324157049640232,-0.29244829354493634,0.07656137513994464,-0.515939630201849,-0.3956312472416963,-0.9232338975329344,0.31864909148994097,0.6326492323598447,-0.1257282304349511,-0.7286191082877957,0.3608294285676873,-0.6577241870103278,0.49741307258130024,0.0035026305512020745
124,2020-08-06,-0.4057437893765785,0.1102779077754298,0.2860919299812106,-0.6414912630876534,-0.7702044278807574,-1.3751301717138256,0.2603373804633645,-0.6623895576669413,-0.2510410277662713,0.4216257452937187,0.3013680253426937,-0.3518750390305972,-0.12487304967865548,-0.6866924007965088,-0.3956312472416969,-0.8828212746447224,0.3186490914899361,0.2377580421644956,0.22863980584286817,-0.2885544648508869,0.7913621318199456,-0.515504467430116,0.6005683560874593,-0.007017572658646535
125,2020-08-07,-0.5161158203394856,-0.4398554475992003,-0.6764907390437207,-0.6258595042785365,-0.802209204456842,-1.581491266435319,0.3221173970208212,-1.2948332249609555,-0.5669947216709639,-0.677962753546897,0.19652988164562393,-0.35583682206298395,-0.3055008143043722,-0.47595818630570313,-0.9445652846471793,-0.9148025240880551,-0.582882446277345,-1.0938517852383933,-0.48009626671277034,0.008233317932145053,0.8454098971682773,-0.5936859335684275,0.3590468178926101,0.0
126,2020-08-10,-0.4067934533048871,-0.4175011116809214,-1.1954943895615502,-0.6476559598861715,-0.8290101500687905,-1.7347045524238778,0.3399447833597543,-1.2948332249609555,-0.5546250707922415,-0.677962753546897,0.11265936668796844,-0.32810434083632933,-0.46721948354039156,-0.6544773622235949,-0.9445652846471793,-0.9811087084398629,-0.80826533071917,-1.0479342049831257,-0.48009626671277034,0.15924900952492618,0.9282954322517055,-0.6128258930849831,0.2526356093534186,0.0
127,2020-08-11,-0.04607526445295837,-0.4175011116809214,-1.195494389561549,-0.6704875318719745,-0.8476369272013385,-2.02624487400506,-0.020300555365826495,-1.1141350343055265,-0.30705023211426996,-0.48160766446825165,-0.1131982738744788,-0.3320661238687073,-0.5922718445694622,-0.792521068265446,-0.944565284647179,-1.0595148649407453,-1.1463396573819027,-1.0708929951107633,-0.4193474604937156,0.008233317932145053,0.923826321588276,-0.5954401086206261,0.22120877035724265,0.003514942107444592
128,2020-08-12,-0.3612724740858821,0.2660490581164619,1.1204372959625906,-0.7062194138997371,-0.8450332110488128,-1.841064400773855,-0.2542003757959474,-0.45157500190226485,-0.4966439329259369,-0.625097921871776,-0.2938843863244364,-0.351875039030606,-0.7062974860585282,-0.5171958620206625,-0.975324003803066,-1.141690260530901,-0.6955738884982574,-0.19845897026058562,0.11726699444126783,-0.1411982929795892,0.9046414453163045,-0.4623353020973393,0.36620367526855657,0.0
129,2020-08-13,-0.7222546084052123,0.2660490581164619,1.1204372959625906,-0.7125882715995062,-0.8262927138978029,-1.7147665733722537,0.04652353521225178,-0.45157500190226485,0.1831849085560835,0.4778547026206916,-0.438433276284402,-0.3281043408363205,-0.4890688568307538,-0.6726494015091231,-0.9537507810736036,-1.2162776688950214,-0.01942523517278507,0.7198926348448696,0.11726699444126783,0.15871726413199733,0.8839226723767651,-0.359548421278682,0.43762454214365004,0.0035026305512020745
130,2020-08-14,-0.6006631470945138,0.9076573288342132,1.2687471463223854,-0.6743271999861719,-0.7838728716145168,-1.4689221339685685,0.01376329340744646,0.12816502645056724,0.7173361411491206,1.6024338491622345,-0.39531115965604485,-0.2924482935449275,-0.311841320906494,-0.8374775413937544,-0.40867057803202483,-1.2100860524784307,0.6567234181526754,1.2249860176528546,0.4716350307190871,0.30920121033184017,0.8866951862535943,-0.18519643288593468,0.5999801343331084,0.01733145635163994
131,2020-08-17,1.929904407709577,1.4381552056050149,1.2687471463223854,-0.5202545038299761,-0.6678903717988093,-0.9548504013717196,1.694291530540024,1.4808917592738933,2.785346952650371,2.0431472984825683,0.11547021943561632,-0.20132728380022522,1.010545325587111,-1.0417236593689405,1.0941654832551087,-0.9679320701394541,1.1826168151835923,1.4239621987590325,1.8283583696113095,0.9079689120533427,0.9565455902567296,0.4023743013099965,1.3374011971439026,-0.01036278703554666
132,2020-08-18,0.36303671405290494,0.25148555092840985,-0.0496704124972007,-0.2996185915850906,-0.5469489039460709,-0.7671964839773274,0.5300150905853709,0.3214117025681913,1.5156494378608576,0.8582270610098117,0.2065728655162926,-0.21321263289735914,0.6412102594843786,-1.1769650807299485,1.0941654832551082,-0.6251567976228504,1.0323615588890371,0.7198926348448484,0.5222590359016327,0.008233317932145053,1.0186116644089291,0.45860747805776336,1.1461367815504697,-0.006968669316093316
133,2020-08-19,-0.33971984088680623,-0.4605315689354698,-1.1954943895615502,-0.09004739854444353,-0.4518067377462837,-0.6090543250084941,0.16729274067590544,-0.4515750019022708,0.44419062448220115,0.009280058228469513,-0.038067474811818706,-0.20132728380023399,0.3996568883544388,-0.8470804784115322,0.39185207085682794,-0.3502729414774631,0.35621290556358426,-0.3974351513667568,-0.2978498480556061,0.158189250285678,1.068152421269771,0.2856380159004021,0.656139110721488,-0.0035026305512020003
134,2020-08-20,-0.6768813337689584,-0.9613645911162553,-1.1954943895615502,0.04355209014225959,-0.38812570626601933,-0.43212714984358075,-0.2697879085974233,-0.8380683541374937,-0.3829947345019253,-0.757874708404504,-0.23377974707430763,-0.2211361989621239,0.18014745332846163,-0.10498521160261147,-0.7725356894135817,-0.2837486231412173,-0.6767919814614242,-1.5338952626847366,-0.6522178843334255,-0.1411982929795892,1.0722702530664034,0.07614977281027804,0.2104490836737866,0.0
135,2020-08-21,-0.8283440804599493,-0.9613645911162567,-1.1954943895615497,0.02948564330356562,-0.34581922415627825,-0.08645769925498072,-0.26987336432982967,-0.8380683541374937,-0.4148322322817947,-0.757874708404504,-0.3903495648842994,-0.20925084986497236,-0.019012018970791415,-0.30757872876591247,-0.7725356894135817,-0.32896074804116593,-1.2590310996027878,-1.6678215384292758,-0.6522178843334255,0.15871726413199733,1.0900940046894139,-0.05179475327623168,-0.026212947031622833,-0.0035149421074446084
136,2020-08-24,-0.9403871833886567,-1.356999778390935,-1.1954943895615502,-0.078049983741045,-0.32932403978968744,-0.42866257569920296,-0.5123714889974196,-1.2245617063727334,-0.5365165922504695,-0.7666392453888934,-0.5156054191322922,-0.22113619896210632,-0.19941740274727376,-0.49109478648851473,-0.7725356894135814,-0.42749047664121775,-1.5971054262655182,-1.4918041474507353,-0.8850883081731353,0.008233317932145053,1.1188518011580249,-0.21923791328278439,-0.27361560329648155,0.0
137,2020-08-25,-1.1079348717420885,-1.356999778390935,-1.1954943895615502,-0.22099418421678801,-0.3279873712179234,-0.7378189411846973,-0.8484736765494776,-1.2245617063727334,-0.649414459101704,-0.7270515258165936,-0.7745713311270086,-0.23302154805925784,-0.3325443882758083,-0.6265172392405892,-0.7725356894135817,-0.5451798211209098,-1.766142589596887,-1.3578778717061997,-0.48009626671277034,0.008233317932145053,1.1188518011580249,-0.3087865018531569,-0.3570129089065218,0.0
138,2020-08-26,-0.8357721351865895,-1.356999778390935,-1.1954943895615502,-0.35383817133450585,-0.3343872142312874,-0.5690993982684565,-0.7481142730874856,-1.2245617063727334,-0.7276917534757549,-1.0528224690607249,-0.8229828321264593,-0.2845247274801628,-0.4843129160330913,-0.2811743090388421,-1.088129569755475,-0.7040403098256434,-1.4844139840446222,-0.7494699333238592,-0.23710104183655145,-0.14172261442139264,1.092460928883043,-0.3473197521458134,-0.348725238950375,-0.0035273405179682992
139,2020-08-27,-0.3770366608260171,-1.4052597260763453,-1.1954943895615502,-0.4991171058973183,-0.3552905301061154,-0.5161973482906058,-0.7468759119495516,-1.2632110415962412,-1.12616143525562,-1.640102690032399,-0.8617120329260198,-0.3439514729658412,-0.6209558175734654,0.03795715635509773,-0.49544073538892663,-0.7939339571509338,-1.1463396573818843,-0.31325292089875895,-0.4193474604937156,-0.29167854677492083,1.0649451005090658,-0.4477330202387631,-0.43307445793277793,0.0035273405179684406
140,2020-08-28,-0.5541064878130227,-0.8823145449285222,1.2687471463223854,-0.6252087500486835,-0.37023914378372647,-0.010265597860476199,-0.4571217873633706,-0.9153670245845413,-0.7725484952157768,-0.5405141911918566,-0.7339341649693389,-0.4033782184515197,-0.3697768155485784,-0.23658605666777005,-1.2225169955342199,-0.9357666187096568,-0.47019100405642356,0.39846957305795805,-0.004230617996841628,-0.29062990389132815,1.0649451005090658,-0.3923180625525624,-0.2714467325078579,-0.007067167223092443
141,2020-08-31,-0.07307286540670743,-1.4052597260763453,-1.1954943895615502,-0.743413902258701,-0.4025204482990128,0.0850423429370697,-0.6425632581696138,-1.6110550586079557,-0.9775668084249389,-0.9528598782570452,-0.6317118706039941,-0.5975055870380759,-0.5487410034558217,-0.4751024414481098,-1.22251699553422,-1.0925206008724804,-0.9209567729400574,-0.6576347728132912,-0.5408450729318252,-1.313543199204667,0.9880340051590052,-0.5283787322478276,-0.42366239405866357,0.0
142,2020-09-01,-0.8097088312681127,-1.4052597260763453,-1.1954943895615502,-0.8669060664506807,-0.4414698517180157,0.3067192622990222,-0.5347944224406871,-1.2948332249609555,-1.2611232768705156,-1.3652055653222785,-0.7086952637080477,-0.732206210138936,-0.67975808135632,-0.12185265746576875,-0.547257381639992,-1.1563590333468448,-0.9209567729400724,-0.7494699333238594,-0.4193474604937156,-0.8821300304169557,0.9336309729008307,-0.5853712741920324,-0.42918467781780617,-0.0071174677688639896
143,2020-09-02,0.10006137734285142,-1.4052597260763453,-1.1954943895615502,-0.9963577419415885,-0.5036743709810289,-0.17421435946067573,-0.6788212610209342,-1.3434827378297247,-1.5315273268713478,-1.5942865025807358,-0.6115207495949683,-0.8550214841426534,-0.8195191201961989,0.6767128393353703,0.40567155543789407,-1.043772222805266,-1.3717225418237178,-1.2086457358765827,-0.8952131092096444,-0.8883563475382794,0.7917437582736587,-0.7808846871082914,-0.6372633946530928,-0.007168489478612516
144,2020-09-03,-0.5338561021186762,-1.4052597260763453,-1.1954943895615502,-1.1577188949473498,-0.5975395372112353,-0.5469531894743697,-0.7621398150846148,-1.6110550586079557,-1.5826477824433904,-1.3387731494847595,-0.5337811383044976,-0.9936838902759091,-0.9405852009952379,0.840774381073858,0.752242841505041,-0.805335470740409,-1.3717225418237178,-1.0249754148554866,-1.2597059465239726,-1.0414582085425856,0.5753832277098138,-1.0515255093849762,-0.9141827559092781,-0.0036036075032985443
145,2020-09-04,-0.6845479882061966,-1.4052597260763453,-1.1954943895615502,-1.342888642810954,-0.7140522418265673,-0.5084316258397779,-0.7548463946642169,-1.1762500373433218,-1.85188714289341,-1.329034891018286,-0.47158944927212815,-1.1402698624739032,-1.0454607699650489,2.037548779993312,1.4589181558544246,-0.43033992065194204,-1.4393374071562564,-0.9377320123704571,-1.2698307475604818,-1.1914141408961139,0.35416764490480845,-1.2612694745126931,-1.0461843860260025,-0.007246408520767198
146,2020-09-07,-0.9085773846087069,-1.4052597260763453,-1.1954943895615502,-1.520004704109619,-0.8577729191406893,-0.6387671299025388,-0.8968980061980749,-1.6110550586079557,-1.5685625089709823,-1.0467271891336793,-0.42183609804623295,-1.2987411837690575,-1.1363140358484667,1.4924290992043243,1.458918155854424,-0.01628339606885495,-1.6647202915980717,-1.231604526004194,-1.452077166217646,-1.3461221978664828,0.07054708144337625,-1.5193953651631424,-1.2229194184478611,0.014440684154794428
147,2020-09-08,-0.724817151817203,0.5500797309417081,1.2687471463223854,-1.640764233220495,-0.9582301136121043,-0.6946395550899284,-0.7487154747621803,-0.34616772401992685,-0.9463787288286198,-0.3447541175345886,-0.22327218846918698,-1.3898621935137512,-0.8294405104078804,0.9486996996157319,0.5919071575255206,0.27125639097824744,-0.8919789735118284,-0.010196891213960767,0.17801580066032255,-0.7441864130670927,-0.018624048972817928,-1.2289734864017063,-0.5578027924321247,-0.003590668130728596
148,2020-09-09,-0.9121083107289123,0.2612044813128916,0.9447427076256283,-1.7015980730059599,-1.0341797000580273,-1.1776566140960558,-0.8210843838462748,-0.6623895576669413,-0.7271538843407153,0.042005906408254474,-0.38194351800020204,-1.4928685523555962,-0.9292098035923688,0.615584097881439,0.5919071575255209,0.4707741864623286,-0.4862897815165571,0.3453363730482777,0.056518188222213106,-0.8946703592669403,-0.1313686499386662,-1.0918137101540053,-0.25104373876811353,-0.0036036075032985443
149,2020-09-10,-0.9860357653832929,0.07474583783686624,0.6322974644593341,-1.7068852003826958,-1.0983044726178384,-1.128058413503837,-0.7997645748197227,-0.9786113913139415,-0.7508073481945091,-0.08889748631084612,-0.3501193530286845,-1.568142429970769,-1.0356375593737948,0.7879243493443314,0.9285829281333433,0.6528377961328111,0.18985887180890365,0.8294388620252894,-0.1257282304349511,-0.8978608316245371,-0.2626875650016372,-1.0533138761397653,-0.15069168849228978,0.0
150,2020-09-11,-1.1705458829795334,0.07474583783686624,0.632297464459333,-1.677362517697153,-1.146960234891188,-1.2949051278284047,-0.7106364944395386,-0.9153670245845413,-0.7214993555132814,-0.12816850412662392,-0.4834212496478,-1.6394545245535725,-1.1131866020092587,0.4696943181685592,0.9285829281333428,0.8111338734763163,0.09326620704812102,0.2508773508088608,-0.06497942421589635,-1.0451543054667878,-0.37137839924034044,-0.9817287446818579,-0.021766251345463044,0.0
151,2020-09-14,-1.264230792058014,0.07474583783686624,0.632297464459333,-1.6441110755608006,-1.1787219979191061,-1.168754142469846,-0.5914864248126409,-0.9153670245845413,-0.6370103789909134,-0.2198008790300131,-0.5900627669430927,-1.5721042130031468,-1.1826631122992255,0.18459070780562442,0.9285829281333428,0.9443815300535271,0.09326620704812592,0.01472979521032712,-0.06497942421589635,-0.7495227232160231,-0.34162449688381696,-0.8932936040638548,0.10614789480478906,0.0
152,2020-09-15,-1.3202457885852634,0.07474583783686624,-1.1954943895615502,-1.6130411888151632,-1.1936621684965039,-1.1880675690458729,-0.4371262357869653,-0.9153670245845413,-0.5755790669151786,-0.6779627535468665,-0.6753759807793264,-1.516639250549864,-1.2448117070547318,-0.0704420891760707,0.9285829281333433,1.0539720203967335,-0.1321166773936877,-0.26733534064347775,-0.18647703665400583,-0.7495227232160231,-0.3557819320885147,-0.7985616509037238,0.217737126697735,0.0036036075032983964
153,2020-09-16,-1.1465312154040668,0.692108248823444,1.2687471463223854,-1.568911312772664,-1.180878264104068,-1.1197831228377435,-0.520185055712862,-0.5675230075728417,-0.42933414664061237,0.14672862058366365,-0.7436265518483134,-1.4136328917080365,-1.3003215131915316,-0.2982319720313947,0.9285829281333433,1.1425463654904922,0.09326620704812592,0.14592288165395606,0.23876460687937728,-0.29703411578754496,-0.36330095323068107,-0.6097807405628398,0.4452843848110245,0.0
154,2020-09-17,-1.129997042052075,1.4221132119302065,1.2687471463223854,-1.4954847291556368,-1.1474415298799023,-1.306484390911237,-0.2992343481466656,-0.5675230075728417,-0.13297093219447811,1.7961113688443453,-0.7982270087035032,-1.29874118376904,-0.8959428976881441,-0.5013894546114466,-0.5234845088491782,1.0245096601907733,0.31864909148993953,0.46734594344085,0.23876460687937728,0.008233317932145053,-0.37191222899382315,-0.466862349152646,0.5598926310510497,0.010733555643108851
155,2020-09-18,-0.28895928194239734,1.4381552056050149,1.2687471463223854,-1.3568621292911502,-1.0631461833413933,-1.1194652535855416,0.8310790343078094,0.997775068979848,0.7889808668322239,1.7764758599366446,-0.5243849169950033,-1.1561169946034238,-0.1540140230353438,-0.7523884168310401,-0.33229297345345116,0.8355351140401722,1.220180629257214,1.5693678695673738,1.0892478939461436,0.6253804763546246,-0.33204408874374913,-0.07472348991841041,1.017996663078024,-0.003565066164496257
156,2020-09-21,-0.7835187985656185,1.06899579690408,0.5328438731995393,-1.1542964048162114,-0.9609887932784189,-1.3918888164543584,0.12352214700862799,0.8735450629042351,1.3546756800385085,1.2334313167033442,-0.46407247222453274,-0.9936838902759091,0.06456927596342948,-0.9309871090742837,0.2108914924932755,0.696366819035085,1.2201806292572208,1.1101920670146692,0.542508637974651,0.7852776946731725,-0.3077051579989283,0.07317731863771386,1.0253878733094557,-0.007168489478612516
157,2020-09-22,-0.9068460072215466,0.3999547541066428,-0.5722666885860226,-0.9627451770335302,-0.8745775643829724,-1.9135318235291396,-0.2069347507980177,-0.12029498570064584,0.3424305300376931,-0.06435310017604559,-0.4158225164081564,-0.9580278429845073,-0.18236180629832296,0.03876845503419999,-1.1962520880412522,0.41114925875131697,0.7694148603735873,0.10000530139869511,-0.24722584287306057,-0.1449474731816799,-0.2961159758414367,-0.027446644759875433,0.6659062562223321,-0.0036036075032985443
158,2020-09-23,-1.2453927768117496,0.09640999695322978,-1.1954943895615502,-0.8263534017045723,-0.8117046275863538,-1.8406621055059595,-0.36447099827857876,-0.6172150100030752,-0.27645645390344903,-0.7925032221761213,-0.694745008947707,-0.9302953617578527,-0.3236766468756785,-0.1519122073024976,-1.1962520880412517,0.07469983334853011,-0.582882446277334,-1.6448627483016451,-0.611718680187389,-0.1454984832216553,-0.2856045038940457,-0.17944762329583727,0.30278369119157544,-0.0036166404701885504
159,2020-09-24,-0.8883479747130941,-0.19517405411934566,-1.1954943895615502,-0.808493058720184,-0.7758634596405185,-1.81350298817155,-0.6324817100534679,-1.1141350343055265,-1.179860625777522,-1.3324797171424787,-0.7591217743830179,-0.9025628805312068,-0.48824634665975225,0.8250561568322591,-0.0793749889486045,-0.1153142386316507,-1.2912286545230585,-1.9203682298332854,-0.8547139050636079,-0.1460534716734772,-0.3059957538501099,-0.35581928225451054,-0.023545455640424543,0.0
160,2020-09-25,-0.5866373296744503,-1.2438743476919487,-1.1954943895615502,-0.8929234125069679,-0.7555750989832516,-1.685874815287046,-0.6130625303832318,-1.1141350343055265,-1.1798606257775535,-0.8815902533321845,-0.8106231867312665,-0.8708686162721742,-0.6345894303258608,0.48578753686582116,-0.07937498894860465,-0.21510504278558906,-1.5488090938851422,-1.448073118636206,-0.7332162926254985,-0.1460534716734772,-0.2625828788940295,-0.4447606396872781,-0.15606400666222872,0.01438873745209967
161,2020-09-28,-0.02625400864104271,1.4381552056050149,1.2687471463223854,-0.9380512985929121,-0.6947525182662344,-1.4644966275913507,-0.578508005709937,0.8735450629042351,0.41960088210585794,0.33796140299058103,-0.37554063082089123,-0.7599386913655819,0.4851733569941107,0.011295103918203648,-0.5846487397391732,-0.3263644126305344,-0.19651178723422136,0.8740445114161222,0.7855038628508699,0.47109368674900237,-0.22308966117596907,-0.09932106394705165,0.37657153605830423,-0.007168489478612516
162,2020-09-29,-1.2297465789394928,0.36939533237017536,0.18340759052265698,-0.9113760939507589,-0.6343761010017008,-1.4441256754243927,-0.5441495484702441,-0.12029498570064584,0.5766818980838806,0.8492434948427843,-0.5037582718815654,-0.6886265967827783,0.2287115095208391,-0.22708380832396152,-0.5846487397391736,-0.43439269396314106,0.4216812672347724,1.3096055584089914,0.17801580066032255,0.16252010753775784,-0.16751592304692464,-0.07297111827362072,0.33353710722607494,0.0
163,2020-09-30,-0.44025859220158675,0.36939533237017697,0.18340759052265698,-0.8192698643234834,-0.5754354848264497,-1.424461921537829,-0.3855534595216707,-0.12029498570064584,0.12599671830695916,0.45396658349485575,-0.28880992753745294,-0.6410852003942249,-0.08802713128605144,0.6062165716649331,-0.8119875359809873,-0.5614905222319856,1.0398743217037658,1.3883214102751726,0.17801580066032255,0.008233317932145053,-0.1556582607388287,-0.05182131527952433,0.2914640326394902,0.0
164,2020-10-09,-1.0856970291177055,0.36939533237017536,0.18340759052265698,-0.6671885735481002,-0.5186544099566216,-1.4317523226611322,-0.2567496314720905,-0.12029498570064584,0.28763959694408237,0.5247121670599869,-0.2756124806584923,-0.6014673700704452,-0.31376553282554287,0.24094706788671705,-0.8119875359809876,-0.6879423782626787,0.4989553990433951,0.1131246100430438,0.11726699444126783,0.008233317932145053,-0.1556582607388287,-0.034744117333163266,0.2518178083675367,0.007168489478612497
165,2020-10-12,-0.346564069215353,1.4381552056050149,1.2687471463223854,-0.49608049492336526,-0.440369283675373,-1.0576264159699955,0.4336735544682538,0.8735450629042351,0.8317971195618915,1.1432306976577995,-0.10629329455899476,-0.6054291531028143,-0.1175582117714752,-0.12180945801665745,-1.1127321258464342,-0.8428159048517555,0.8144914372619405,0.5316305557982344,0.6032574441937056,-0.14385721844065905,-0.15387298560089982,0.1679354364718153,0.4929834688227763,-0.007168489478612516
166,2020-10-13,-0.49681895949591726,0.2901334341810165,-1.1954943895615502,-0.3650330031599356,-0.37620943110376304,-1.3960669771767815,-0.01100448563796464,-0.12029498570064584,0.12341973567853591,-0.3343413476592595,-0.12959917427572595,-0.625238068264713,-0.3355773403543792,-0.38236435816620323,-1.1127321258464342,-0.9995475469021242,0.5440319759317563,0.2377580421644956,-0.24722584287306057,-0.29703411578754496,-0.0693907155396137,0.09625431392420304,0.2825360654289174,0.0
167,2020-10-14,-0.2729407636426138,0.2901334341810165,-1.1954943895615502,-0.29416933619258256,-0.3229687356814332,-1.1873509888448415,-0.36251249047364015,-0.12029498570064584,-0.582556368937408,-1.5370162682660875,-0.30700510664543307,-0.6014673700704452,-0.4935592097121878,-0.01579662487257238,-0.7763231341434566,-1.100725287653574,0.2735725146015722,-0.16631666408189663,-0.1257282304349511,0.008233317932145053,-0.07189690887421471,0.05071608965510977,0.15261484823497506,0.00359066813072854
168,2020-10-15,-0.8563091901302993,0.9403474778105385,0.057447813009599884,-0.25241300823244256,-0.2660948438349835,-1.047441519198893,-0.012219822977406208,0.3766250386018058,-0.11190563252679131,-0.3343413476592022,-0.2901686239448694,-0.5341170585200194,-0.2350909411365887,-0.2933174627768074,-1.0754283382928156,-1.20416064747492,-0.04196352361696888,-0.39590456535824614,0.17801580066032255,0.3168068971433896,-0.0693907155396137,0.11738743163508938,0.21365445850741796,0.0035778213478839024
169,2020-10-16,1.1255244778622202,1.4381552056050149,1.1426205684353037,-0.18118227016479582,-0.1971867208852147,-0.30206450093622966,0.7942594432115057,0.8735450629042351,1.2540431212664842,1.349403541190428,-0.11793820918809622,-0.43903426574292154,0.7753000826011118,-0.5692175267957033,0.30838400444868264,-1.120514136521385,0.3186490914899459,0.35714375082821526,0.4210110255365415,0.627616516783695,-0.057381341580779066,0.24894713378843272,0.35788852962730555,0.007117467768863955
170,2020-10-19,1.4711986490638775,1.4381552056050149,1.2687471463223854,-0.006486573345667049,-0.10004716335755909,0.5684460982765797,1.9858124248987257,0.8238530604739868,2.434595371761247,1.612846619037682,0.17860735121365148,-0.3122572087068262,1.5234509016556408,-0.8271143501228653,1.0614153491054927,-0.850409362465884,0.6792617065968584,0.8530536175851491,0.8968766742524702,0.93730811620947,-0.08481157350553412,0.5083494648120891,0.6612369462456945,-0.010695289116747919
171,2020-10-20,-0.23065704936153972,0.14984531053303285,-1.0795329322748723,0.2244678697403319,-0.02758591059095844,0.4722688651629935,0.46111535230169604,-0.21967899056112705,0.8274413106582267,0.3264690482786305,0.09832134234239115,-0.30829542567443946,1.0954333034811274,-0.47460968135927306,0.41370924581618757,-0.5913745618137477,0.3186490914899459,0.044904205092361184,-0.1257282304349511,-0.14440039892769524,-0.054964822326510204,0.3615808522358381,0.3067411511437947,0.01069528911674795
172,2020-10-21,-0.3949159072718198,1.2032020109643886,0.3547389429483472,0.48329455406489497,0.06211318008600845,1.0358989167288732,1.6893073427329799,0.8238530604739868,0.9601321559641469,0.4829203744520479,0.19285376384171213,-0.20528906683259437,0.6677702709998652,-0.210508945487856,-0.19168493458236774,-0.43778845435476654,0.3186490914899436,0.04490420509235766,0.7146302555953059,0.6231605225473464,-0.05647701916002753,0.5422190738348042,0.5045157821931057,0.0
173,2020-10-22,-0.2245006524331419,1.2032020109643886,0.3096038995601053,0.7062733121360854,0.15667682075793976,0.7381545087856208,1.6722491886171174,0.8238530604739868,1.400417752207635,1.0089059662653803,0.10971847244483944,-0.11416805708790084,1.1329174757919955,-0.4498556587161014,0.4093213762126344,-0.27245538066148656,0.18985887180890335,0.008170140888140793,0.4817598317555962,0.6231605225473464,-0.06646164735691101,0.6295787054824037,0.5255922500742307,0.007067167223092353
174,2020-10-23,-0.08729008699021781,1.4381552056050149,1.1289589688003527,0.8742712367024781,0.2721731021500944,1.3865608076489282,1.8628113845748124,1.519541094497401,1.5781583754932513,1.1746048260214836,0.043210239327348236,0.012608999948203303,1.1491212280548018,-0.6582546666352262,0.6623559884432166,-0.08175034220906893,0.8982050800546183,1.0708341410815712,0.8968766742524702,0.9306241248549565,-0.11622213055760142,0.845535650081964,0.7315241615286701,0.0
175,2020-10-26,-0.3588777370637625,1.4381552056050149,1.1289589688003527,1.0645293125143713,0.3923200746385021,1.6138525249939306,0.7555259035361388,1.1716970774857016,1.3469597049914361,1.0401442758915067,0.1487648814296776,0.0918446605957717,1.0989442404554284,-0.8666649294908229,0.8985135631847532,0.1370142829741893,1.0108965222755304,0.9953981163764861,0.6538814493762513,0.6187681853715252,-0.16688524035703878,0.9409091659058633,0.7189814002661999,-0.007067167223092443
176,2020-10-27,-1.0805955400672997,0.23149512592995583,-0.5792394890664488,1.209421308940811,0.4822751883030865,1.3733423486410137,-0.13669701240857396,0.4760090434622873,0.5510736527431706,-0.05319656102382101,0.07444736651521203,0.17900388730810485,0.7324481816963633,-0.5222397365126406,0.2186524896883684,0.26390662352527466,0.9143038575147527,0.5231030051794073,-0.06497942421589635,0.6231605225473464,-0.17216991640715779,0.7703958784495136,0.3180260068197274,-0.010695289116747919
177,2020-10-28,-0.9974299940538668,-1.2668811536629239,-1.1954943895615502,1.2321326350507833,0.5104590136885557,1.124133703705152,0.02436066421125461,-0.5675230075728264,-0.17197484334779084,-1.1777757075653752,0.014993354583639588,0.21862171763188465,0.41290799681846585,0.278097947073601,-0.909410343168559,0.1870046982811399,-0.24480811961460447,-1.1364895383325617,-1.1382083340858633,0.16196511908594538,-0.15478546926017608,0.35226963212656587,-0.36679229620527126,-0.01081091610421573
178,2020-10-29,-0.6065879362452249,-1.4052597260763453,-1.1954943895615502,1.088007613024287,0.46166141183070675,0.805947083008347,-0.45967284220714083,-1.6110550586079557,-1.2437085938952606,-1.5738328474683472,-0.032569854961611425,0.19485101943760796,0.13441995926167372,1.478300344249912,-0.4855243969102489,0.06747664389725816,-1.2590310996027954,-2.0712402792434585,-1.86719400871452,-0.4513090554093298,-0.1874322432833929,-0.1971336224641479,-1.1076575090191072,0.0
179,2020-10-30,-0.6630373066045886,-1.4052597260763453,-1.1954943895615493,0.8290037405727441,0.3681086199398178,0.6238779880521781,-0.4682675316835298,-1.6110550586079557,-1.0852403324775237,-0.9584700236592877,-0.22938165119414164,0.1512714060814502,-0.07050354694100731,1.090289618911208,-0.4855243969102489,-0.06404204336331985,-1.9351797529282562,-2.1499561311096405,-1.5128259724367008,-0.6023015495072398,-0.1874322432833929,-0.5185088304345491,-1.3650904901347256,0.007220247973487097
180,2020-11-02,-0.8078349932478848,-0.6195859559268223,-0.36355411866298276,0.5419998181020712,0.27666702758213507,0.8478467293791618,-0.5651797427578008,-0.9153670245845413,-0.7466517105572628,-0.4946980037401247,-0.2280698595838363,0.10373000969291443,0.1086505146044679,0.6765484457085398,-0.9959193401698028,-0.2572545786335775,-1.5488090938851369,-0.910181464217299,-0.4294722615302247,-0.5979715149863913,-0.12903176836918068,-0.49912404006930783,-1.070033062447842,0.00359066813072854
181,2020-11-03,-0.6668505320160877,-0.2544429892554442,0.746459264051986,0.3154493042194259,0.2037811608315919,0.7871010148326456,-0.3994568382826299,-0.5675230075728264,-0.3024071210739782,0.25314041079390665,-0.2270204262955924,0.1512714060814502,0.6627719189690484,0.3171784477239802,-0.7124673532027378,-0.4293439852732215,-0.8726604405596713,0.17216149894269114,0.23876460687937728,0.008233317932145053,-0.1390897848034872,-0.36904471650925386,-0.6712380199544907,-0.003590668130728596
182,2020-11-04,-1.0302492531478853,-0.5893636365354747,0.6004060104128109,0.17830647563091068,0.1343053866676816,0.8405015891151166,-0.40586351059887454,-0.9153670245845413,-0.5436367099869287,0.3038126918465042,-0.3849421082613263,0.11165357575766159,0.3966989280240249,0.0541800629254783,-0.7124673532027379,-0.5766081706409486,-0.3317415178993052,0.5106396619672624,0.11726699444126783,-0.5979715149863913,-0.1390897848034872,-0.36659434263131147,-0.539848982962249,0.00359066813072854
183,2020-11-05,-0.9006546506285924,-0.20838993117365798,1.2687471463223854,0.11066779945655007,0.08328251021648045,1.3198212708710932,0.02490993140664776,-0.5675230075728264,-0.39800805190738153,0.6965228700038512,-0.5112794538339135,0.07995931149862896,0.15798188329424542,-0.18177848726339096,-0.7124673532027375,-0.6991848606358427,0.09326620704813082,0.6208418545799197,0.4817598317555962,-0.44642030675675487,-0.1210619786804871,-0.25257558716525463,-0.2707038737700073,0.007142887512380204
184,2020-11-06,-0.7311238753031937,0.4949571397230968,1.2687471463223854,0.11189865012795071,0.0709239528661747,1.7977732614021884,1.365604253917095,0.12816502645058775,-0.027796456041786398,1.0813788445980719,-0.4535881016956536,0.03637969814249757,0.3204685037207511,-0.4335635831343198,-0.2455584418565973,-0.738497097774289,0.7694148603735866,1.1915317806097214,0.9070014752889793,-0.44321852066739753,-0.08843684328359593,0.018270027550839354,0.17518755923139145,0.0035524016043677006
185,2020-11-09,-0.43753785630747793,0.8196801209368371,1.2687471463223854,0.17951626940100124,0.09497407939505781,2.521350789299398,3.539716638859161,0.4760090434622873,0.480610026704461,1.6348736322355581,-0.407435019985046,0.008647216915825325,0.8767878690434394,-0.6510751999226125,0.48223172478240994,-0.6375611204976382,1.3103337830339532,1.514266773261058,0.8968766742524702,-0.29273457446755,-0.08863836087868164,0.2775885716473248,0.5149529818489011,0.0
186,2020-11-10,-0.6966868577318237,0.8196801209368371,1.2687471463223854,0.3288176733611226,0.1395711287837056,2.531664257571063,1.528031253385111,0.4760090434622873,0.7005640480204273,1.3052236461477507,-0.5292737832128891,0.01657078298059008,1.0078104860079713,-0.8089054191272047,0.76951111258901,-0.43598520349729675,1.4004869368106792,1.1469261312188823,0.6538814493762513,0.008233317932145053,-0.052369672706962626,0.42413435435111413,0.6209606959001707,0.007067167223092353
187,2020-11-11,0.06141609015049396,1.4381552056050149,1.2687471463223854,0.5370122911907523,0.21780591114222944,2.549205637803928,1.8164206849050206,1.1716970774857016,0.846417566746961,1.0172361821656837,-0.30922233660251214,0.11561535879003958,0.9916661083628601,-1.0032711787695827,1.0282022326181117,-0.16590744888801703,1.2073016072891152,0.6142822002577235,1.0791230929096345,0.7741372735012556,-0.03272281919866003,0.684893669418966,0.8736897907297455,-0.007067167223092443
188,2020-11-12,-0.958508525511513,0.5865833539397828,-0.4892293392959426,0.7400777557104076,0.28680893761173226,2.445541287533005,1.7065530250561838,0.4760090434622873,0.700564048020423,0.566503959667954,-0.4507036365068623,0.24239241582616133,0.6843385726630421,-1.1209377779599505,1.0282022326181117,0.11707305922710609,0.8982050800546212,0.2154552174690813,0.11726699444126783,0.93730811620947,-0.006088802427648682,0.6255922604721261,0.6053024486468312,-0.010695289116747919
189,2020-11-13,-0.726818592613062,-0.47795612635904383,-1.1954943895615502,0.829900398824912,0.3088671342360349,2.0990533621168606,0.3174161287675601,-0.4515750019022594,-0.019571061710535707,-1.0052212353447076,-0.4051274478340201,0.31766629344134295,0.3563529325522719,0.3948543783210843,-1.069916866201414,0.11094076684643521,-0.0033264577126595816,-0.865575814826464,-0.9660867164652082,0.47277071707080753,-0.0228750051158322,0.28104697887374125,-0.028788421648596043,0.0035778213478839024
190,2020-11-16,-1.1214083264621595,-0.12405160199795799,-0.7412985279588508,0.8148595988603192,0.3124155187927417,2.361814153825823,0.23245637575490902,-0.065081649667039,0.03504860584612863,-1.0052212353446948,-0.5274277254920687,0.37313125589464347,0.11903530545895821,0.1169017572065322,-1.069916866201414,-0.042197461103055715,-0.9370555504002017,-1.7038996372012893,-0.5408450729318252,0.31569692023974577,-0.03272281919866003,0.15687533502970363,-0.21205585539469415,0.0
191,2020-11-17,-0.9955447941426581,-0.12405160199795799,-0.7412985279588508,0.7119488999663346,0.30375875123800056,1.9460118228128236,-0.1435775362603544,-0.065081649667039,0.03504860584612863,-0.6779627535468827,-0.6252679476185075,0.40086373712128937,-0.09307959884862711,-0.13153277482497763,-1.0699168662014138,-0.257837637571374,-1.4844139840446249,-1.7366979088122014,-0.4193474604937156,0.16141410904596526,-0.016625766220608962,0.07694741014821542,-0.2936202895637952,0.007117467768863955
192,2020-11-18,-0.2898350215395374,0.5797077281680325,0.15446323821944713,0.6181385330337386,0.3116794933771014,2.8990997146827118,0.29072330809722485,0.7079050548034196,0.6780063331337242,0.3529014641161737,-0.3860176681270064,0.48009939776886656,0.9271519290098081,-0.4380443625367023,0.26010272030305437,-0.3149622228940764,-0.6730356000540746,0.023913311261367858,0.29951341309843205,0.6231605225473464,-0.016625766220608962,0.21608797642072425,-0.03678547165599809,0.007067167223092353
193,2020-11-19,-0.8194013982663994,1.104389988253366,1.2687471463223854,0.6190235453912921,0.3525048650796151,3.4001060914519985,0.08943312514162995,1.4808917592738782,0.8931539449806635,0.9355638480126578,-0.35337867313013555,0.5632968414488041,0.5647130346655947,-0.6574099130242822,0.26010272030305465,-0.2865482751569586,0.45387882215503117,1.5234502893121158,1.0183742866905798,0.7741372735012556,-0.03583668319781972,0.48151650696112275,0.3543577902595438,-0.010619568827460261
194,2020-11-20,-0.9548797123305494,-0.45870731886637706,-0.4350776356559758,0.6671830007013942,0.3734970062033346,2.6260980643312495,0.08818302406525175,-0.12029498570063298,0.40858148999090277,0.5001677809251929,-0.32726747713263843,0.5514114923516702,0.2523551176250879,-0.846464033567067,0.26010272030305437,-0.21681172465357437,0.7694148603735866,1.1836601954231132,-0.004230617996841628,0.008233317932145053,-0.017450346278092683,0.3395695735587778,0.06832692032412023,0.014134510934904716
195,2020-11-23,0.10548187333233512,1.1008985200008023,0.8925120951003225,0.7964222214553308,0.42841298809516654,2.414386726402564,1.8294883067274479,1.867385111509116,0.9757964149844266,1.1045732894954232,-0.1476172917383113,0.5791439735783248,0.35424247265222514,-1.0345069708840389,0.6509543075752962,-0.08090411030957607,1.3103337830339579,1.367330516444199,1.0689982918731253,0.4628869426210498,-0.03922215706103162,0.618496758845049,0.4582941574338678,-0.0035149421074446084
196,2020-11-24,-0.9489662850708191,0.5672107902946575,0.25786379322130054,0.9426643718358286,0.48706978556437475,1.3246949401985015,0.47311893017671797,0.997775068979848,1.2706309056794391,1.1963358240222786,-0.3214196006155011,0.583105756610694,0.5416403333698508,-1.1484725128699054,0.9817768807802789,0.1206514432542564,0.8595680141503174,0.3755107829303207,0.4716350307190871,0.31133573439140855,-0.05751720968488682,0.6675017095749332,0.4322238202518856,-0.0035273405179682992
197,2020-11-25,-0.7342134356583735,0.06091118830216687,-0.5654360986391681,1.0513369599124716,0.5307470285330262,1.4763218045953956,0.05301222389444602,0.5629700477152237,0.7520212861226627,0.42162574529369307,-0.14293899052460157,0.5474497093192834,0.18634728918308807,-0.22444619925922446,-0.6330754711051939,0.12943974243083284,0.8595680141503174,0.3387767187261021,-0.06497942421589635,-0.14225062826769774,-0.03119331182191782,0.5753886086177618,0.20388814487093032,0.0035273405179684406
198,2020-11-26,-0.8794376302092589,0.48530662683500325,0.030127231690029815,1.1576222655613428,0.573031632794051,1.3801143822393118,-0.05984577003080924,0.8735450629042351,0.6641392614986309,0.2518363447374623,-0.1589157310482044,0.5632968414488129,-0.07011373601588679,-0.46845985959307745,-0.6330754711051938,0.03915998943623122,0.31864909148994647,-0.24896830854138324,0.17801580066032255,0.31133573439140855,0.09668682306908226,0.5908477715461384,0.17937817540102635,0.031198370855861333
199,2020-11-27,2.9862526238813767,1.4381552056050149,1.2687471463223854,1.3125567425786242,0.7184388851310993,2.559216333422654,0.6686083992650566,1.867385111509116,2.7066312205157983,2.049970448296144,0.7808702481108689,0.7772331251972414,2.3941907249628507,-0.8518083788933144,1.4158738757457316,0.1719121600595836,0.7694148603735866,0.6142822002577316,2.8408384732622216,2.1527643935256755,-0.06554802569170826,1.4259014803225285,1.3647825083257785,-0.010291686036547636
200,2020-11-30,4.487517633006182,0.5778615066613362,-0.02163991503257218,1.502493849940666,0.878410644406915,0.4524644996871371,-0.30480258850571124,-0.19391276707878013,2.7105220302119117,1.5113964896803247,2.644027631612405,0.9238190973952443,4.779345905765956,-1.2271976801219135,2.2173120791742336,0.5117450302135429,0.6792617065968566,0.5224470397471858,1.2309951084572712,1.5345704865306047,-0.06444517772443717,1.5867220733985836,1.3218119167274167,0.023851215822180062
201,2020-12-01,1.5096333042772823,1.4381552056050149,1.0068665103266345,1.7167372846751456,1.1181431636788293,1.0129175648249593,-0.19810744980695372,0.7079050548034272,1.6698435838849197,0.8928779590825108,3.3407473954320084,1.1813349944998393,3.3466092363588307,-0.7468425509448487,1.5666094933871773,0.8449481746441504,0.7130691392631341,0.4237242421983573,2.982585687773349,2.6030065045495294,-0.29308115751474284,2.2770424305064987,2.065934685834993,-0.010152371464018073
202,2020-12-02,0.060061403148929986,0.7170481797927575,-0.029386373958170394,1.9372011022006814,1.3505961094860675,0.7873729885729771,-0.273274255320799,0.321411702568194,1.1829037571861338,0.6286470367420789,2.9455558349097353,1.351691664892119,2.6555454894227672,-0.9235248167830314,1.5666094933871773,1.1475685492623857,0.03692048593767331,-0.5175861530347192,1.3322431188223627,1.8268478166877544,-0.27396697855035884,2.3129740330056254,1.699115098064997,-0.006825965070399871
203,2020-12-03,-0.05220893759939446,0.12443714655189665,-1.0817556555504746,2.047219228826809,1.5347958546669132,0.6188583927738508,-0.3160624641828554,0.06374946774470706,0.7372919779832042,0.1381380854363519,2.629402586491916,1.454698023733964,2.059582173934806,-0.41997395726955233,0.8527652626965068,1.3171364848919833,0.07789919219982244,-0.1974153888911425,0.10714219340475871,1.2121048875309253,-0.19680297815443193,2.0462237708101467,0.9606401504945453,-0.013793322132335873
204,2020-12-04,-0.31074964086045725,-0.7874120625317911,-1.1954943895615502,2.023479084932899,1.624558959037769,0.5691606978437247,-0.4706163713857179,-0.4515750019022668,0.24657398174214099,-1.1361246280638189,2.376479987757655,1.553742599543431,1.5454416866505392,0.34053235400966947,-0.09387706898241878,1.2819869719211365,-0.6961130820016944,-1.0424416714597584,-1.5027011714001917,1.0728670725417453,-0.11778181803559089,1.4194447398018522,-0.1594736105154528,-0.010471299867295366
205,2020-12-07,0.23878569626107152,-1.4052597260763453,-1.1954943895615502,1.8886717194386629,1.6099881067291038,0.23451861554933454,-0.7794616829334567,-0.9421242566623622,-0.2161211527320096,-1.3695008328958633,2.1741419087702525,1.5378954674138927,1.1017386357788157,0.9955656407203414,-0.8884460898519903,1.0420257850244066,-1.2821085815504252,-1.5794576591055025,-2.089939631517721,0.008233317932145053,-0.07039123753376446,0.6970238633605984,-1.1961824425364997,-0.007042282625412923
206,2020-12-08,-0.3673467158025721,-1.4052597260763453,-1.1954943895615502,1.659604087939067,1.5040403284694728,-0.1326432905654242,-0.6982920276036969,-1.33277984499859,-0.5331401693301262,-1.1087716803314562,2.01227144558033,1.5062012031548777,0.7187023862495554,1.2345111765689525,-1.209238534787081,0.6754789742883173,-1.6836999029194846,-1.5980224224144488,-2.3936836626129945,-0.14225062826769774,-0.05055533067533763,0.04295947299877209,-1.9250480986346363,0.0035273405179684406
207,2020-12-09,-0.8211048079219143,-1.2179101441883426,-0.8771231535569367,1.3785337525192598,1.3566709179759893,-0.1503428693616794,-0.8591505286915949,-1.19364223819391,-0.5512048351315929,-0.804838349566963,1.4064913892394117,1.5022394201224998,0.4855247228672848,0.9217937258518755,-1.2092385347870809,0.27426985022488864,-1.5468277058900382,-1.0004212549905913,-1.2900803496335,0.15924900952492618,-0.050555330674033006,-0.2578187747847186,-1.9887201949777853,0.0
208,2020-12-10,-0.38295183606897515,-1.2179101441883426,-0.7841711897495377,1.0958403627097073,1.1892392172959492,-0.029701762142895848,-0.7792417328388953,-1.19364223819391,-0.5446384939940595,-0.5696984749795431,1.0806285727629996,1.4745069388958538,0.5093620602184978,0.5930014760491028,-1.0852073649776435,-0.09575777432341556,-1.3665213983365838,-0.6354195872242123,-0.7129666905524802,0.008233317932145053,-0.013809832650184584,-0.4262586422751003,-1.8450868149996484,-0.0035273405179682992
209,2020-12-11,-0.2509292848462341,-1.4052597260763453,-1.051467272968943,0.8374305029631066,1.004605898378707,-0.36030075128096234,-0.77532937259441,-1.4661200515197412,-0.6900781133240441,-0.7578747084044848,0.8199383195818768,1.2486853060502825,0.2591190871726037,0.6547606859360012,-1.1802150211680256,-0.4320138797080636,-1.26348922259175,-0.6177217992067932,-0.5408450729318252,-1.4503824063257675,0.09280052653636996,-0.6017170574599199,-1.7404991601157953,0.0
210,2020-12-14,-0.8535753443619818,-1.4052597260763453,-0.8136764223692345,0.6234278579055863,0.8181468073603704,-0.49677285025224166,-0.6910968472122538,-1.4661200515197412,-0.6196236733290216,-0.5971106580439012,0.45262488844064896,1.082290418690381,0.0644259090717827,0.39006481738021653,-1.180215021168026,-0.7235901401818948,-1.2010755007463176,-0.6441622520131183,-0.24722584287306057,-1.0233600787757742,0.17086371940731807,-0.6792977609544231,-1.5129239212806012,-0.010657294473988093
211,2020-12-15,-0.4316366649303425,-1.4052597260763453,-1.1954943895615502,0.41625976874389425,0.6042913806914354,-0.8019855911212005,-0.6653475192619527,-1.482223941196215,-0.9529329952507446,-2.005590912658467,0.6350578293166409,0.7455388609382175,-0.1937827133420768,1.506253690676656,-0.0801793949948946,-0.8256477232148524,-1.2783496325549453,-0.8217775075060462,-1.0167107216477538,-2.43801749773407,0.17086371940731807,-0.9775331646892473,-1.6552822259980695,-0.003577821347883855
212,2020-12-16,-0.24094567864051458,-1.4052597260763453,-1.1954943895615502,0.19841171749816605,0.3738460337684621,-0.9517101521795008,-0.670593407554434,-1.3711626330826403,-1.1197013532968636,-1.424965809824472,0.622242953421112,0.4444433504774647,-0.39145011743125124,1.7854442110672963,0.3243158026320108,-0.7701273610387499,-1.171024449487415,-0.6626638411269765,-1.1382083340858633,-2.172248351494218,0.08138444905020639,-1.207207584311245,-1.6683667961645465,0.0
213,2020-12-17,-0.532035577586897,-1.4052597260763453,-1.1954943895615502,-0.012814604002042493,0.1470414772304731,-1.130028634313262,-0.7426761956353481,-1.3711626330826403,-1.0162583340587417,-0.9673281479786219,0.4532298241083596,0.18296567034049163,-0.5441668227544815,1.3471571931456834,0.3243158026320108,-0.638742362505054,-1.1034095841548737,-0.5784816106589823,-0.8445891040270987,-1.8944609607316816,-0.041397393830054106,-1.2909412343622082,-1.4642644255252841,-0.003590668130728596
214,2020-12-18,-0.6464874014035464,-1.4052597260763453,-1.1954943895615502,-0.22056484399413262,-0.07521029839551455,-1.1488288498010004,-0.8287637356853397,-1.452944141784456,-0.9974582832340597,-0.7925032221761242,0.3180193206581574,-0.015123481278433758,-0.680568580980133,0.9556930129471082,0.3243158026320108,-0.4793762228528878,-1.1275577503450687,-0.6842013728181413,-0.8445891040270987,-1.4757055959830196,-0.1325500909891806,-1.377195558035834,-1.3046885599488145,0.0
215,2020-12-21,-0.8744139264124913,-1.4052597260763453,-1.1954943895615502,-0.3961026789546715,-0.28002527789459375,-1.046576319312077,-0.7482543157930691,-1.437133050102106,-1.0195891956044676,-0.7078428757980013,0.05108968930167327,-0.14586232134693347,-0.7855197547280721,0.6544899659589,0.3243158026320108,-0.31874347158127037,-1.2348829334126066,-0.8549710403389429,-0.5509698739683343,-1.0414582085425856,-0.2853355315160087,-1.3667747336686007,-1.0348908267941506,-0.00722024797348702
216,2020-12-22,0.2542125222382364,-1.4052597260763453,-1.1954943895615502,-0.5432037756022806,-0.4837320913272326,-1.2694098761264487,-0.8363153622851328,-1.437133050102106,-1.1286549333223077,-1.5179261901612573,-0.003692787187191417,-0.27660116141541563,-0.8966312254128801,1.1476069875475483,0.8277755648411735,-0.10516601435933584,-1.3475743756335217,-0.9621120609345827,-0.8547139050636079,-1.0488765232173183,-0.48372405075757996,-1.4871963994965527,-1.0114243586509313,-0.0036297680505786127
217,2020-12-23,-0.027989755986272416,-1.4052597260763453,-1.1954943895615502,-0.6766513179415146,-0.6837505243514306,-1.3909002308476666,-0.841214474780144,-1.4178083824903445,-1.1903468323974447,-1.3854185891980209,-0.20627999697461274,-0.44299604877530835,-0.9813952910636542,1.2418804435711914,1.0396595460857774,0.14551790347806332,-1.2912286545230662,-0.7921076864180354,-0.9154627112826627,-1.3461221978664828,-0.6891987071956555,-1.586998197974524,-0.9623347379346923,0.0
218,2020-12-24,-1.2942244362642543,-1.4052597260763453,-1.1954943895615502,-0.794976105180819,-0.866198888122659,-1.5244522332240567,-0.7859478531072756,-1.3791590472668225,-1.0516062525031464,-0.8894220802470045,-0.36834976480454995,-0.6054291531028143,-1.0584050707909638,0.9019235389496584,1.0396595460857778,0.3946696956835647,-1.2590310996028058,-0.7232313160351251,-0.6724674864064437,-1.3461221978664828,-0.8881655700046799,-1.5755433137664223,-0.7594874383774745,0.003629768050578731
219,2020-12-25,-1.0237764712552513,-0.7802217679758486,1.2687471463223854,-0.8945956295754836,-1.0112253587141455,-1.5413705349617204,-0.7396422829079592,-1.075910417051494,-0.8794540642757724,-0.5530095150422769,-0.49800557906849946,-0.728244427106558,-1.1282583013614564,0.5935589633509878,1.0396595460857774,0.6227008693254038,-0.9434950613842622,-0.30931712830546615,-0.1257282304349511,-1.0488765232173183,-0.987942912799397,-1.402941657721286,-0.3602828835375922,-0.0036297680505786127
220,2020-12-28,-0.6505794301398835,-1.1452940443487518,0.46538112294729206,-0.9680454574446132,-1.1323992745403269,-1.5540999971886953,-0.7395180869569359,-1.3211850444315383,-0.8593222025021005,-0.5680039036628363,-0.6017302304796588,-0.858983267175049,-1.1915179940551677,0.31430132371593994,1.0396595460857778,0.8213414274844081,-0.8308036191633525,-0.290294130771138,-0.30797464909211525,-1.1998922148100946,-1.1271841395415525,-1.32934495360676,-0.1864816842711031,0.0
221,2020-12-29,-0.6478080027321678,-1.1452940443487518,0.46538112294729206,-1.0115952565768196,-1.2271250186909284,-1.700949458353538,-0.7316398455890337,-1.3211850444315383,-0.7822863032965798,-0.5061520506030553,-0.6847099516085864,-0.9421807108549953,-1.2487137296268864,0.061812804837370956,1.0396595460857767,0.988771217894292,-0.38003785027970877,0.17806518783264297,-0.1257282304349511,-0.7549352663670801,-1.0329426790156433,-1.2244141939578193,-0.001371698672352424,-0.0036429912785009805
222,2020-12-30,0.059954776172032695,-1.4052597260763453,-0.3218313909571227,-1.044935757638284,-1.3070818679049174,-1.7367384290597219,-0.7254409402265478,-1.3211850444315267,-0.8988643296837437,-2.0524483770974746,-0.7510937285117214,-1.0095310224054121,-1.3003428581866219,0.3254360696180638,1.3643900641040887,1.168799598380322,-0.4701910040564138,-0.18009193815844618,-0.36872345531117,-0.7576706376369702,-0.9760056130308898,-1.1995648432151917,0.028976263469188263,0.0036429912785010087
223,2020-12-31,0.197243126868595,-0.6292451633422721,1.2687471463223854,-1.0616946017866213,-1.356113171308101,-1.5044795936340025,-0.2945395381092316,-1.0313150302551108,-0.579970375880246,0.2669961126442641,-0.48667829284157765,-1.0610342018263348,-0.6175602869741598,-0.02610608568226297,-0.5661364696415329,1.0897384937715706,-0.1321166773936799,0.15510639770503326,-0.004230617996841628,-0.60448984652315,-0.8671782126592025,-1.0353941566514104,0.2580924098022508,-0.0036429912785009805
224,2021-01-04,0.1445353146083896,-0.8882345109687884,0.2561358253372318,-1.0761157603544893,-1.3900674573959488,-1.6841454262028217,-0.5192225708272984,-1.294833224960941,-0.8209659490458595,-1.0215841594345643,-0.5926684014981144,-1.100652032150132,-0.7379983428560576,-0.24539087138846946,-0.5661364696415327,0.8849428440825223,-0.4701910040564028,-0.42804687153692156,-0.30797464909211525,-0.6066938866830515,-0.8586224172133059,-0.9830490275451855,0.27697333337272045,0.0
225,2021-01-05,-0.21896828551707745,-0.7788822334841751,0.2561358253372318,-1.0974295124857654,-1.4074375895118374,-2.023690826971528,-0.5838741617793508,-0.8380683541374937,-1.0094458607680097,-1.1777757075653612,-0.6774604884233439,-1.1402698624739032,-0.8464717672501544,0.06731574506932632,-0.011149197339766251,0.7048209262643356,-0.38003785027968573,-0.29947764682218,-0.18647703665400583,-0.6066938866830515,-0.8915204639177411,-0.9061844253654994,0.3281279300534923,0.0
226,2021-01-06,-0.12390858762991279,-0.778882233484181,0.2561358253372318,-1.102693771841997,-1.4082726415344136,-1.7727849227578387,-0.46464545257099704,-0.7414450160786829,-0.713426089010793,-0.2852525753895405,-0.7452941579635276,-1.148193428538668,-0.5398797959013709,-0.1668826382675848,-0.8584660889527367,0.441904934782697,-0.5152675809447756,-0.39131280733271917,-0.1257282304349511,-0.3014582814936204,-0.9394839695956952,-0.8178790252702233,0.3858724883778513,0.0036429912785010087
227,2021-01-07,0.24399556027160238,1.4381552056050149,1.2687471463223854,-1.0961237487609001,-1.3815836485614799,-1.883185810724034,-0.23385481575638317,-0.30663999481405607,-0.3461104037406712,0.7824282214756794,-0.6407998649993522,-1.132346296409156,-0.2934657776201343,-0.4166805632282677,-1.0052101337749477,0.139144070203278,-0.041963523616963115,0.3020426545218771,0.23876460687937728,0.008233317932145053,-0.9142863552457741,-0.6321331799963641,0.5753303570479665,0.0
228,2021-01-08,-0.3695692764767509,1.4381552056050149,1.2687471463223854,-1.058948810559763,-1.3345148871041992,-1.760474763548447,0.06709393954837674,-0.12029498570064584,0.010266771175609648,0.8339714323588981,-0.7159656592243412,-1.1283845133767691,-0.4539337545475427,-0.5989722468126827,-1.0052101337749477,-0.15923063864403558,0.4313405337108609,0.8392783435085643,0.17801580066032255,0.008233317932145053,-0.8520355368593446,-0.4900666437615132,0.6626769652066768,0.003629768050578731
229,2021-01-11,0.43658660433007546,1.4381552056050149,1.2687471463223854,-0.9706760912917257,-1.260778109930249,-1.4319464886668116,0.10010420409187956,0.7079050548034166,0.9144293767048046,1.2692252131499377,-0.617337066008003,-1.1283845133767691,-0.2115942960367426,-0.7934697137779259,-0.34238303447932444,-0.3448934471719533,0.9722594563712197,1.2249860176528387,0.49188463279210537,0.008233317932145053,-0.7663347055168298,-0.2862371395685067,0.8233615136610715,0.0
230,2021-01-12,-0.012312094415914679,1.4381552056050149,1.2687471463223854,-0.8516321260256341,-1.1705466455756488,-1.2894068698254373,0.6149365445242072,1.171697077485683,1.0269010600382809,0.9079821967039454,-0.5384341914349321,-1.1006520321501145,-0.4152901788040662,-0.9616641488683706,-0.3423830344793246,-0.4578940364734102,1.1751040523688527,1.1010085509635998,0.36026221931748675,0.16364219328035245,-0.624356672305605,-0.1484451409287961,0.8548172337221901,0.003616640470188515
231,2021-01-13,-0.018152106380076256,1.4381552056050149,1.2687471463223854,-0.6905602408703734,-1.059264818307094,-0.9170079091485538,1.3921001123982215,1.2876450831562791,1.7607027994082778,1.330900850104222,-0.4753118917764753,-1.0531106357615876,-0.17902031093253695,-1.1071359792373405,0.2592799006067183,-0.44642725465848454,1.2427189177013995,0.8943794398148828,0.542508637974651,0.31905106862855986,-0.5668187868272678,0.03778452173604725,0.951197487865811,0.007194275634027231
232,2021-01-14,0.03768284787470711,1.4381552056050149,1.2687471463223854,-0.45784109514721827,-0.9137374519096871,-0.5284504284709162,3.016521298394345,1.0943984070386537,2.566321177048088,1.7384716491470975,-0.2660528234533811,-0.9580278429845073,0.7882429662874042,-1.2521122204530506,1.3054569913444334,-0.23646958139793342,1.1268077199884696,0.6188739582832621,0.9778750825445431,0.7881136230554403,-0.5668187868272678,0.33951100964252445,1.1981113814891267,0.007142887512380204
233,2021-01-15,1.819084019048733,1.4381552056050149,1.2687471463223854,-0.1690124175669103,-0.7285950544080699,-0.2227046264397817,3.590266708094462,0.797095828396169,2.4102104237558675,1.4485999093051805,0.3776381169940757,-0.8470979180778975,1.7370736114609286,-1.4164960993052798,1.9252812121506493,0.1381494066989073,0.9731375715054169,0.4194008336678342,1.3322431188223627,0.9406865700213799,-0.6376867156658812,0.6977805682816323,1.478775182590256,-0.003565066164496257
234,2021-01-18,0.5380919903698429,1.0223176822042752,0.05132947371765783,0.12382348363016296,-0.5402115903368638,-0.49971641411248247,1.2384926618967935,0.5295235076179264,1.2502376883717528,0.5819824013746099,0.5750684121593821,-0.7242826440741625,1.1697338276812015,-1.0597759684522947,1.2010884754427174,0.472108330722737,0.6289164389033559,0.03834455077017027,0.6640062504127604,0.9440896840800973,-0.6779471541901335,0.791254698095701,1.313989636891461,0.0035650661644961446
235,2021-01-19,0.7391458952258282,1.3190006221238442,0.4212755839670227,0.39927781439424753,-0.34732150413877155,0.012011050228141813,1.2954586477610082,0.797095828396169,1.197762298123499,0.7179992078718052,0.7330126482916343,-0.5816584549085464,1.0478057918977297,-1.2179499937976723,1.3791164354534369,0.7811904217045507,0.47436817528610864,0.020812383763614203,0.724755056631815,1.100065745104764,-0.7395877925768382,0.9093933482164526,1.2184243144580391,-0.007142887512380114
236,2021-01-20,-0.3862057068475704,0.49059863614468235,-1.1954943895615502,0.5926912158492584,-0.18666936768189657,-0.1822400025303973,0.7887013394812076,0.26195118683969554,0.7579758174486094,0.11236647999476418,0.7006068086011067,-0.47072853000196296,0.656032556612544,-1.334587117309631,1.3791164354534369,1.052349059829677,-0.048110329556291714,-0.5210746964697018,-0.18647703665400583,0.7881136230554403,-0.7430501597963002,0.7540245185302795,0.7398465405425048,-0.007194275634027085
237,2021-01-21,-0.538757447089496,-0.19327559618128864,-1.1954943895615502,0.6650775426092931,-0.07912106606429763,-0.17043290645785744,0.09081190851725865,-0.27319345471677786,0.2644415691015982,-1.3801456264478047,0.515920908252355,-0.40337821845151095,0.36246479234872236,-0.9759997008534954,0.5615371039235366,1.1758006698095875,-0.785727042274972,-1.2971414360049034,-0.9053379102461535,0.31905106862855986,-0.7193887955333628,0.44017836938655686,0.12398237974030683,-0.007246408520767198
238,2021-01-22,-0.6323339812078516,-0.7700980234029075,-1.1954943895615502,0.6349209107529533,-0.03433618141386427,-0.1264366762647337,-0.3135206117484202,-0.8083380962732513,-0.3147303024905545,-1.4854730573829495,0.368172187973354,-0.37564573722486505,0.10379286897356935,-0.2065519088166507,-0.7454778318840903,1.0440016572664217,-1.5971054262655249,-1.9408224246742636,-1.3913283599985913,0.008233317932145053,-0.7193887955333628,0.04434466009350967,-0.48925150207529416,0.0
239,2021-01-25,-0.5715539824015528,-0.7700980234029075,-1.1954943895615502,0.49651913970702977,-0.029969404888493683,-0.12642147577368235,-0.6410956364740024,-1.0313150302551108,-0.654154005828127,-1.1777757075653323,0.0912119831538236,-0.37960752025724304,-0.09014705001402942,0.06376461645003938,-1.272683324914174,0.7242353520335114,-1.784924496633711,-1.5775169639272542,-1.036960323720772,-0.14661248178073769,-0.7353590410604323,-0.19482821973245942,-0.7495073678628862,-0.0036429912785009805
240,2021-01-26,-0.6804751872853655,-1.4052597260763453,-1.1954943895615502,0.2903825669598831,-0.06208495013876545,-0.12253298466809547,-0.586590325486151,-1.3211850444315267,-0.7793838082428167,-0.8588161250667226,-0.13035618070180077,-0.39545465238676375,-0.2654680163259667,-0.16214285121961253,-1.272683324914174,0.33467073871260156,-1.784924496633711,-1.1703810856638412,-1.036960323720772,-0.3014582814936204,-0.7586439528156971,-0.42321012248461515,-0.9418465813233301,0.007272759329079657
241,2021-01-27,-0.6112480595306049,-0.49440021595121586,0.4088623412573265,0.09269242295267952,-0.0893265948402813,0.04828641431671548,-0.7226251812768347,-0.9786113913139554,-0.4290195395379079,-0.24215023876253608,0.009911745406351537,-0.39941643541913296,0.24924545271082582,-0.4377746462026826,-0.31141678060727346,0.06618723909443407,-1.3341587277500775,-0.4510056616645885,-0.004230617996841628,-0.1460534716734772,-0.7431792136108488,-0.3518095414028615,-0.6549615015726079,-0.0036297680505786127
242,2021-01-28,-0.8709642815123797,-0.8366169165890461,0.4523103456473965,-0.075786072742944,-0.12337690416345178,0.19495938833490162,-0.7055307487922745,-1.2948332249609555,-0.7369956925582899,-0.5920574020749731,-0.19539637089977843,-0.4509196148400555,0.03643231424475887,-0.6108220515232046,-0.31141678060727285,-0.11860316172697419,-1.1463396573818947,-0.36682343119658845,-0.1257282304349511,-0.60448984652315,-0.7193887955333628,-0.3855819316647875,-0.5800844387135915,0.003629768050578731
243,2021-01-29,-0.021129795808675255,-0.4032638547907493,1.2687471463223854,-0.18204010423887618,-0.14639860343931668,0.7758910682797825,-0.3346080564906325,-0.9786113913139554,-0.44067739391776095,0.6965228700039,-0.04212040675203048,-0.5182699263904987,0.5143702389397142,-0.8221742319649764,0.4489027957674632,-0.14682454161343825,-0.4701910040564417,0.3372461327175742,0.29951341309843205,-0.7522193639318565,-0.7029611226112572,-0.2926214363257427,-0.3338532333864924,0.007220247973487097
244,2021-02-01,-0.21946558674539351,0.37428378189546174,1.2687471463223854,-0.19904767945559132,-0.13600133246471635,1.0457266964362686,0.3084318942904237,-0.34616772401994117,-0.06568100662931808,1.4819432263185828,0.08050036456617504,-0.5460024076171446,0.5500702899472907,-1.0008735440744019,0.7461241374980272,-0.054243886545537044,0.16088107238065402,0.8851959237638221,0.8563774701064337,-0.29703411578754496,-0.6489160721493042,-0.03274308436070607,0.1085434076143956,-0.00722024797348702
245,2021-02-02,-0.699701254808207,-0.35496145685656505,0.2368361778352321,-0.17047995827280565,-0.1295212532102391,0.6623341819474344,-0.018078326473989614,-0.9786113913139554,-0.0828273675295693,1.040144275891528,0.17859698162073936,-0.6093909361351922,0.5780515514481706,-1.1522920593423978,1.012381044243518,0.12700593678965424,0.27357251460156157,0.5132635236961184,0.056518188222213106,-0.7522193639318565,-0.6025094554517573,-0.061032470840910916,0.038780897875495025,-0.0036297680505786127
246,2021-02-03,-0.744535276618677,-0.6852416146970495,-1.0329997368079125,-0.1388191256364231,-0.13718779079217985,0.6778218199229578,-0.002864944544640887,-1.2948332249609555,-0.5705187871554047,-0.5061520506030398,-0.060448181928260854,-0.6529705494913589,0.3312684308897869,-0.7695384952550343,0.21718203209881728,0.23538403288289503,-0.17719325428207494,-0.43263862956247673,-0.36872345531117,-0.60448984652315,-0.5739356419551207,-0.16783844899463513,-0.13246845717265043,0.003629768050578731
247,2021-02-04,-0.421782409483482,-0.22399279747004208,-0.16490159862789275,-0.1280673939646369,-0.13988747091595122,0.9243103156310024,0.03040335387375993,-0.8380683541375105,-0.49252874623420206,-0.4325188921985714,-0.09292308417113905,-0.6450469834266117,0.06850768040303151,-0.4509752403502058,-0.4898547679994026,0.2058746503756908,-0.8082653307191706,-1.194870461799991,-0.004230617996841628,-0.1460534716734772,-0.5532723612071107,-0.12859027524605807,-0.054731213592023355,0.01438873745209967
248,2021-02-05,1.7492372312397086,1.1577996129461252,1.2687471463223854,-0.06859327993914344,-0.0897304341996017,1.9198421660123726,1.4345639675010995,0.7079050548034139,0.8515128861784461,1.4199363560831455,0.5161419084198622,-0.5301552754876326,1.4310212198458419,-0.7670741281254979,0.9450271785601522,0.2948486087521079,-0.2448081196146154,0.04949596311788393,1.1499967001651983,0.7852776946731725,-0.5307398912223369,0.2804288912327363,0.5511159296817421,-0.003577821347883855
249,2021-02-08,0.39959840523769563,1.0097433581404478,0.6298606308161927,0.019250072706486557,-0.022220541024830318,1.0659674480544856,0.025382535408227245,0.5629700477152165,0.9869797922176713,1.0401442758915054,0.5271102167036888,-0.3954546523867726,0.9850098137480414,-0.9474437853399404,0.945027178560152,0.437010070977196,0.37499481260039447,0.9609599311850364,0.6032574441937056,0.6298688193249746,-0.5118377350242234,0.4229209896113753,0.643931107835263,-0.007194275634027085
250,2021-02-09,0.6838536897632843,0.21852531459802366,-0.4764534321512871,0.1246210971266296,0.027548188656429697,0.9679831627878378,-0.47236561263905186,-0.30663999481405607,0.22484649746185098,-0.15434918267040088,0.5358848633307505,-0.2845247274801716,0.6037260192039644,-0.22697144841425282,-0.2277162944706765,0.44233583073925403,0.4313405337108552,0.5591811039514111,-0.06497942421589635,0.4761615010061165,-0.49618092646137113,0.3036546773823967,0.33333185251307107,0.017889564750775123
251,2021-02-10,1.3288105573001374,1.4381552056050149,1.2560596395664492,0.3416734041338891,0.1246835894194641,1.4686030710047446,-0.017550467980709507,1.1716970774856983,1.8236613784665843,1.2119549788353794,1.0191882664213736,-0.10624449102313609,1.747771603047164,-0.5684886495653312,0.8685538965981464,0.5198441759346711,0.49895539904340197,0.38010254095584733,1.3929919250414171,0.93730811620947,-0.5348567981159242,0.6922758404215705,0.8315761327061756,0.003539826705124208
252,2021-02-18,1.17245170958801,1.4381552056050149,1.2687471463223854,0.565228795005903,0.2564354182383763,1.9977878850505786,0.6438364923483011,0.797095828396169,2.1208155438602834,1.5200293427346596,1.0883085317012278,0.09580644362814968,2.1507795829357614,-0.7919887509578931,1.2715276371286814,0.6802089968238576,0.555301120153856,0.4099489681217704,1.2613695115667987,1.2515043207177947,-0.5961840857416478,0.9931507790926253,1.1011623035369393,0.0035273405179684406
253,2021-02-19,-0.012524474378095353,1.4381552056050149,1.2687471463223854,0.7789293438900183,0.4123473656410921,1.9620536340065926,0.6974934665098124,1.0646681491744,1.4662421586771093,0.9311911471954178,0.8260822867324596,0.2859720291823279,1.6916302077115541,-0.9402437902541471,1.2715276371286812,0.8697565240148296,1.0624126101479503,1.0826415188615033,1.1398718991286891,1.246999715635245,-0.6614065447489449,1.2277670134237897,1.2194141030581305,0.010507977598415165
254,2021-02-22,1.450930783537253,1.4381552056050149,1.2687471463223854,1.0536884672504958,0.6083176751671827,2.566080525477936,0.658383115839492,1.6189250993579014,1.5101987254134424,1.0050808671274785,1.092584976546419,0.4682140486717238,2.0326593363751666,-1.1237276621102406,1.6168654181918656,1.1035874804966088,1.22884920173576,1.0904121862893252,1.7878591654652731,1.3918195283163575,-0.8146316708308602,1.600838443101385,1.517579872639833,-0.0034904049397686022
255,2021-02-23,1.4740338778594089,1.106800044928179,0.6986059371739625,1.2786691646902064,0.8018144037688832,1.4046726639771268,0.3850519693639917,0.9977750689798456,1.3667423494495032,1.0119014206130719,1.1470258998012572,0.66234141725828,2.0712214971022522,-1.260111480400422,1.7998195968756556,1.3646938651330396,1.263523491649885,0.8654160430384896,1.0082494856540705,1.5566913150610104,-0.8965349384925372,1.6635639070674753,1.2998250343800917,-0.010544913176614887
256,2021-02-24,0.7018771448253825,0.14491347750841282,-1.1954943895615502,1.4072785279992563,0.9421458018077072,0.9783120178503522,0.3812590695735962,0.34556753708289756,0.7272365611706958,0.03676977069951024,1.0318174098088053,0.8208127385534167,1.569899822386772,-0.5908582655967632,0.8090302119743861,1.4896744586050927,0.41833767499306546,-0.42186565881026206,-0.4193474604937156,1.2515043207177947,-0.9050281263482061,1.3471460037529497,0.568184042485918,0.01751358249270821
257,2021-02-25,0.6332504493093796,1.064966658229886,0.26709218548163605,1.5044413048406502,1.099008435511097,1.052858715698303,0.3058213986403086,1.4325800902444807,0.9619339816770281,0.821476108508451,1.098411846411166,1.0426725883666013,1.3787752563043552,-0.8045371246648215,0.9651535520828484,1.5552847417910862,0.18428621807271123,-0.42539778036836523,0.9981246846175614,1.8663829144867854,-0.9734002639872857,1.5707418611306994,0.7768287389153706,-0.003478264376324697
258,2021-02-26,1.2553270903856242,0.7770557136150857,-0.23864654831073756,1.5636026206593863,1.239789411978997,0.3623041377575088,-0.3564145936209295,1.215177579612168,0.8614626131200303,0.7619745663634189,0.9929261670967325,1.169449645402723,1.2659252029589851,-0.9670592487111953,1.1194065061263574,1.605289222793679,0.09326620704813428,-0.1154541136452748,0.41088622450003237,1.0766693359510697,-0.9345442599672726,1.5444478729143223,0.5763429055582368,-0.0034904049397686022
259,2021-03-01,-0.1880578241078433,0.48999437699976905,-0.756367207713621,1.5836172380707956,1.3453168978225576,-0.21620471168603492,-0.57520803006022,0.9977750689798456,0.7068745534371389,0.38413977374233294,0.9085376236451854,1.2962267024388097,0.8730997738715309,-1.1084271446250138,1.1194065061263578,1.6432495613759592,0.5037850322814437,0.6024495930381026,-0.06497942421589635,1.0804988557289055,-0.8509631497529588,1.368277340139546,0.19559762246586973,-0.014084739881738972
260,2021-03-02,0.16503391392108724,-0.8317000781452145,-1.1954943895615502,1.5633699049007939,1.3695607426194556,-0.18135106954501204,-0.8108455480235343,0.12816502645057515,0.13996467555234077,-1.2035013743162932,0.9997880174802771,1.3992330612806547,0.4929914463324088,-0.116113909680179,-0.44576303164606595,1.468613514681189,-0.5104379477067472,-0.9741380938585704,-1.1888323392684088,0.7796672659602469,-0.695293420194999,0.8260441425468968,-0.6472037677962832,0.02451961717431866
261,2021-03-03,1.1128035299217276,0.4870667025381259,0.7381768149193072,1.5355071122673027,1.4232928185197589,-0.14555544271824034,-0.5504778654048171,1.6354891001679825,0.7579045891941357,0.6156707745008508,1.5490720183373243,1.502239420122491,0.8983746061698521,-0.4751154020780863,0.2830358888672076,1.294454177818868,-0.17236362104401684,-0.24601646409639827,1.119622297055671,1.0690917755395861,-0.6491112693682873,1.1248782714858747,-0.08486212590808913,0.006896579059060459
262,2021-03-04,1.8872195312777171,0.8465879092171336,1.109919959946409,1.5423210762815536,1.5105456571471798,0.42810916000095434,-0.03889622081887992,1.3181577162274765,1.460201463496159,2.071008493554603,1.6709767618303106,1.6131693450291007,1.5589631093499134,-0.7169751465917571,0.9469334064881164,1.2210111683601816,0.26230337037949847,0.6493763508814121,1.3423679198588718,1.2163588506743845,-0.5747621216864456,1.4468780631954212,0.3990706001675271,0.0170361871525678
263,2021-03-05,1.7525549034061194,1.4381552056050149,1.2687471463223854,1.5976358729215137,1.6674027930423043,1.037368904886304,0.06409403875574614,1.7092741946856091,1.8700445794100233,1.4316117003205224,1.9272617852210285,1.7835260154213626,1.7865173949693682,-0.9359378680691934,1.3032174920620094,1.2512391332307429,1.5244475232536896,2.134482089423347,2.62821765149553,1.8140406723303155,-0.6231023379856993,2.051946942425436,1.2024002907234022,0.003372684478639377
264,2021-03-08,1.9190101022421608,1.4381552056050149,1.2687471463223854,1.7384276678298458,1.862068866726562,1.7228560039514316,1.5429898228153271,1.2876450831562762,2.0816442600316503,1.2029123102593653,2.132289803933596,1.9063412894251064,2.2107021851022597,-1.115180703389196,1.6584441831506354,1.3780452280719933,1.4087905167638073,1.2781537421589542,2.375097625582802,1.4973427507111234,-0.6766421809904309,2.4238761666182533,1.5022894903814596,-0.010152371464018073
265,2021-03-09,1.316894555636058,0.5058354035892143,0.3263520705119085,1.8827158758058031,2.0239440792299277,1.19623920103677,0.8776613410324837,0.4760090434622873,1.3841518149306158,0.7824282214757597,2.4550734474999794,2.001424082202169,1.7761289957713273,-1.2736851601767316,1.7343853584312698,1.5536409192596694,1.2059459207661667,0.5217220253221035,0.8665022711429428,1.2036862052260378,-0.532170979634846,2.2609193377462136,0.9557823937459184,0.010152371464018128
266,2021-03-10,-0.2669827628105741,0.9787165176376517,-0.03505039021403193,1.9768176021041861,2.1841868225318795,1.613663289213983,2.446905594088256,0.9977750689798518,0.9609091032115255,0.4510790086554873,2.395777905160434,2.1955514507887077,1.2726987115147104,-0.7768119383723173,0.8767113076819459,1.6283627367107034,0.8131357507389985,0.09130512829769244,1.028499087727089,2.1224530002310713,-0.3553825348381813,2.34828606661647,0.8866159740377723,0.006711434587986778
267,2021-03-11,1.4107682469031437,1.2711427718538253,0.600962575482664,2.0360460533725333,2.3489292783768225,1.8325332317829541,2.5071734918840645,1.076830527391603,1.1907883700383834,1.2165985113473547,2.8246251570777727,2.3183667247924515,2.0805688070860113,-1.0004680838166773,1.4832994661616716,1.7243287274633663,0.614866596756344,0.05125671243595073,1.1398718991286891,1.640566123238835,-0.195203416727529,2.488699724432624,0.9092753073912495,0.0
268,2021-03-12,-0.1267936339474371,1.2711427718538253,0.600962575482664,2.049933383598863,2.4969181683463297,1.9812450359663627,1.2675416909470296,1.076830527391603,0.8895900705786671,0.6965228700038176,2.691419272822662,2.4609909139580677,1.5499564702689208,-1.1458949157486251,1.4832994661616716,1.8232996237166423,0.5923283083121642,0.25995729337062856,0.6741310514492695,1.7951646372669265,-0.1125106248645617,2.46618821750389,0.6878613692700796,0.013289232118682487
269,2021-03-15,0.6437864182150916,1.4381552056050149,1.2687471463223854,2.060680679549525,2.663589985794155,2.0538505795249717,1.0933004621632765,1.5649120532380658,1.0727462630211793,1.5022558217404782,2.9023770226112258,2.690774329836026,1.8812680892993823,-1.290076414058229,1.7873324375699458,1.955225465591974,0.8672458926313054,0.7419936240226724,1.6359871499176364,2.5485707034316696,-0.030253064284008094,2.7238239069689185,0.9226178058204116,-0.003305788134499433
270,2021-03-16,-0.16788085370906536,1.1366892039300343,0.40011412853377304,2.07925701696715,2.8086916797990615,1.5214436685061918,0.0368421008217924,1.413675524102544,1.0043589393319088,1.0944002873474592,2.5948595366531024,2.9799844911996356,1.427225367923584,-1.3849374315243639,1.7873324375699458,2.093195598754042,1.0381406072080699,0.882874815311375,1.0082494856540705,3.0392574825248273,0.23759716743532394,2.667418518548647,0.6487027470094385,-0.003316752625994038
271,2021-03-17,-0.11495629152860973,0.8322074110233215,-1.1954943895615502,2.062616313816381,2.908969823905717,1.4290299931291963,0.32761910917942105,1.262438994967016,0.6304641725455472,0.07578742710994944,2.507606776482933,3.1146851143005136,0.9940477003028727,-0.3607487758169176,0.21911980774024112,2.019238704715167,1.0606788956522468,0.7333651556450272,0.2792638110254138,1.7827983305587218,0.39603009798622285,2.4236874407876035,0.15415432182889938,-0.0033277900926745796
272,2021-03-18,-0.5440783080349938,0.52551115331399,-1.1954943895615502,2.036190900760365,2.9531334201077204,1.3982143754933605,-0.1728034003070035,1.1112024658314943,0.6799697832822714,0.1967099159853649,2.1202821111541383,3.1899589919157036,0.9015340736820389,-0.5539853378189592,0.37908942046070676,1.863976917224717,0.5925759818115438,-0.013022588460445846,-0.22697624080004233,1.3300098350689473,0.5784041717519617,2.07745099376613,-0.39219336613853273,-0.016807118316381174
273,2021-03-19,0.28220822161507325,-0.8264236870772805,-1.1954943895615502,1.9468554005158598,2.890924543692105,0.9146947857524342,-0.6554357335288165,0.3550198201538725,0.08769191528155262,-1.3193893778705472,2.6042285218727357,3.0909144161062456,0.45389608274365595,0.8269303411109985,-1.2477248040651603,1.468545755812346,-0.22226983117042237,-0.993539532988407,-1.6950723910938648,-0.1361499277460834,0.7779075267725764,1.3068510035982162,-1.4531937904721275,0.01680711831638119
274,2021-03-22,-0.23966353294290535,-0.35003242780097377,-0.12297315973840793,1.8220801004001674,2.817259928762818,0.7327359606972984,-0.5428414802768301,1.1112024658314943,0.18759938155270234,-0.7223009994678744,2.5151019646586397,3.047334802750079,0.15828306933771788,0.43759328807999054,-1.2477248040651607,0.9828592943510257,-0.24480811961460158,-0.5029278485686123,-0.06497942421589635,0.4399246383438228,0.8930666670631469,1.2577124128846,-1.241262490307316,0.0
275,2021-03-23,-0.5278325519155931,-0.35003242780097377,0.061781644511917075,1.7141669008936413,2.7312624422961274,1.0228477725647322,-0.735832090912014,0.8443144732393922,0.5352391300378362,0.2154529017610918,2.443800718887356,3.0631819348795997,0.5309930614077003,0.10148195616474544,-0.631150140027682,0.5708797441470452,0.025651341715583708,0.22398276808792486,0.10714219340475871,0.880425985702692,1.063246701985027,1.1747456925168904,-1.121453399265468,0.0033277900926745245
276,2021-03-24,-0.1188595380763418,-0.14655990282031908,0.6197922836000688,1.6089887315927147,2.6452379754918756,1.6468813804797113,-0.4728285755142501,0.939801066144562,0.3445805958002019,0.33142512624817533,2.0692372650776765,3.0354494536529364,0.274693870938173,-0.14215168797309,-0.6311501400276814,0.23013674460121628,0.8821063025944983,1.3443717263165567,0.5020094338286145,0.5838217451477217,1.3794279973912102,1.1693875213444405,-0.9115018324259744,-0.02013490840905581
277,2021-03-25,-0.04052192173816001,-1.4052597260763453,-1.1954943895615502,1.5078232223029175,2.48533037447908,0.9805834352070495,-0.4780876708466352,-0.8083380962732398,-0.5640322145888942,-0.6779627535468823,2.2458701878189156,2.8769781323577996,-0.020201645209625273,0.1230055000882372,-1.2425907991520957,-0.12588595140417352,0.3637256683783124,0.14592288165395959,-1.1888323392684088,-0.5635050194692828,1.5301333649668891,0.5503205073865528,-1.6458485715325746,-0.003395589001138272
278,2021-03-26,-0.2040614845501903,-1.4052597260763453,-1.1954943895615502,1.3545112512021669,2.2710395407313677,0.4351837020948216,-0.5006952113485623,-1.0759104170514826,-1.4256789552561242,-1.463383109861611,2.0696540688192617,2.702659678933142,-0.23322960760819475,0.6785419709475087,-0.5624255687245809,-0.3722717529301767,-0.33701020870443826,-0.9911633784856849,-1.198957140304918,-0.7064396038196444,1.7161486971094557,0.059578469626392454,-2.0446556299201135,0.016863806052004944
279,2021-03-29,0.12968444910479285,-0.5199652331872389,0.6021696088179335,1.1778471466406206,2.0879640916053135,0.4484302972375576,0.04663738029456833,0.2619511868397074,-0.555341870573552,-0.32161462892264764,2.404964859408511,2.5323030085408886,0.15234046965981538,0.25039432748413437,-1.1591931505365276,-0.6201414867329754,-0.5582952225200377,-0.8099976527512396,0.2792638110254138,-0.5559573186454945,2.011248511973848,0.23440996153156432,-1.3851390112735216,0.0
280,2021-03-30,-0.2584866903317332,-0.5199652331872389,0.6021696088179335,1.0138804338447722,1.928127968973894,0.11245952323615113,-0.22844356459171236,0.2619511868397074,-0.18943264887433975,0.25472391957679785,2.0381685774946083,2.3817552533105166,-0.05993866949230727,-0.008912597575369972,-1.1591931505365272,-0.8485340648563596,0.11785343080542503,0.5299608256071522,0.3400126172444686,-0.4163107951879526,2.6462597583277545,0.3317901021467815,-0.9713988894846013,0.006666691358189077
281,2021-03-31,-0.18895978345340073,-0.18709043836991907,1.2370953921530958,0.9228146224689538,1.8089182511374968,0.6991063488848738,0.04528615162837686,0.797095828396169,0.29671769294843936,0.9001503697891411,1.7447315519634785,2.2866724605334188,-0.03362603215979534,-0.24100640922714553,-0.8696560271739923,-1.010727293311532,1.0890487692183555,1.7296619679130676,0.9576254804715248,0.008233317932145053,2.9414569656397305,0.5668930072579959,-0.43791932160952207,-0.006666691358189122
282,2021-04-01,-0.9205510697193044,-0.6657861323130954,0.36883648580121986,0.9261487752614861,1.6924624072873506,0.9268373983788206,-0.37110623196792447,0.2619511868397074,0.14819082706856437,0.8022525333538996,1.3512207029422527,2.1876278847239607,-0.20865327501032757,-0.4274757217073402,-0.8696560271739925,-1.1259050798171952,1.280282731775053,1.3311530289703468,0.39063662242701414,-0.13422481780370935,3.185482993434882,0.4972718192016145,-0.459157539616736,-0.01008411906662616
283,2021-04-02,-0.1258654548534623,-1.3182055367157617,-0.729347723794714,0.9032853719504773,1.5447939617791229,0.38379718009313474,-0.36276493687418243,-0.5407657754950085,-0.7258674997078568,-0.3834301199288875,1.5126957095142533,2.148010054400181,-0.4205467176413059,0.497525943000857,-0.4283633628706607,-1.1503587536082955,0.934695642297594,0.36465753668816664,-0.6825922874429529,0.15310599834148772,3.185482993434882,0.1521297674280119,-0.8812338161052006,-0.003384097984240457
284,2021-04-06,-1.2086676491951576,-1.4052597260763453,-1.1954943895615502,0.8040424948270282,1.371072853312664,0.7064495101919175,-0.24261598701225914,-0.6623895576669275,-1.1944883422450698,-1.2594759019722184,1.0068308003865505,1.9895387331050352,-0.5408262838002883,0.26333028756718546,-0.42836336287066035,-1.1265283965212634,-0.08918660416666718,-1.0326283448980074,-1.0774595278668084,-0.7040573607471317,3.13306636690052,-0.15555033758524597,-1.1638162534092225,0.003384097984240494
285,2021-04-07,-0.5048037468806195,-1.1155482959392182,-0.639542749980493,0.6187312661813891,1.1996637744634244,1.1851607610615416,-0.3319034033597581,-0.34616772401992685,-1.1036339699635112,-0.969520310057646,0.9196613302770401,1.8508763269717972,-0.6812586739270536,0.6029016754975798,0.09234897737872319,-1.012355793180166,-0.5399523730503117,-1.117466540798233,-0.5712194760413526,-0.5615992250112773,3.1995504298482147,-0.2382497399125991,-1.0591033842802597,-0.003384097984240457
286,2021-04-08,-0.87727537495644,-1.4052597260763453,-1.0685931510575035,0.3824872823856206,1.0251900043226458,1.375670740809401,-0.4868020849044163,-0.6623895576669275,-0.870640278727997,-0.6298557567226334,0.5324032969967795,1.6686343074823837,-0.7792018625171238,0.35470982862780065,0.09234897737872289,-0.8614104195740235,-0.6902076293448556,-0.7308842460776545,-0.6825922874429529,-0.8436757994251286,3.1466327911064402,-0.3701511224103924,-1.0476725060807526,0.006756782462879907
287,2021-04-09,-0.5965903461736828,-0.6860903364258639,0.9223505775698992,0.18915669577045297,0.8795745637795315,1.1627598396296088,-0.5409564116743751,-0.029945890372913068,-0.45951617210918655,-0.05135901339877832,0.3813580989689006,1.6290164771586038,-0.6273359419128627,0.0944856142502468,-0.4287471026944432,-0.7717282285915569,-0.03820714220959098,0.4438405154530527,0.21851500480635905,0.2979786787508399,3.1230490677894545,-0.24277040271663117,-0.6573172084805448,0.01337812594617605
288,2021-04-12,-0.38945171170164045,0.5743554332210091,1.2687471463223854,0.13502981367947006,0.8035938910054693,0.8791925864579366,-0.13648704032132614,1.2349414442151014,0.6965250541649664,1.7678131354184143,0.578044397739242,1.6646725244500145,0.23801923714094353,-0.19664878632015256,-0.609215053905502,-0.7440708218841645,0.7130691392631415,1.3108081617013996,1.4739903333334903,1.0257914303311118,3.119685874163706,0.22453459383762303,0.15474211918525263,-0.0033277900926745796
289,2021-04-13,-0.5522676094573514,0.159989206604958,0.772967715120274,0.19881724374610152,0.760524715353956,0.19075417341751227,-0.04018548620860778,1.1716970774857016,0.9296092283873699,1.1546847445207375,0.5766322081591931,1.5854368638024372,0.2533947956778576,-0.4237023844053062,-0.32477793473423533,-0.7133613389074359,1.3441412157002335,1.639009532954553,0.9070014752889793,0.15116790228250201,3.1568760210811213,0.40471128390564937,0.3822379879628264,-0.013423020332140661
290,2021-04-14,-0.5884858219378746,-1.3345348820208236,-0.8810567420264364,0.2830832552451094,0.6920061718727211,-0.43152818316449326,-0.17379336701543835,-0.21967899056112705,-0.05715241243803659,0.009280058228469513,0.7342636850914761,1.4388508916044345,-0.017184951275059916,0.3485438411256588,-1.117656441872204,-0.7866152770038376,0.8370297257061347,0.35255199280267985,-0.5104706698222977,-0.42057043511893055,3.1394599499486904,0.12020733336009191,-0.11896397212815688,0.0
291,2021-04-15,-0.9448130769215083,-1.3345348820208236,-0.8810567420264364,0.33159251057084094,0.6103399959012499,-0.047594843416493095,-0.4096556977681077,-0.21967899056112705,-0.510517990915398,-0.6092384723693777,0.542846409444658,1.2605706551474165,-0.20484245170375429,0.4260093649672218,-0.804482180401445,-0.8662431059577032,-0.17719325428205648,-1.1443611235191833,-0.5104706698222977,-0.7016909465322481,3.1175688005695967,-0.05501295264121733,-0.3592507753907121,0.0
292,2021-04-16,-1.315181881174256,-1.3345348820208236,-1.1954943895615502,0.28628991396841963,0.5240943200572558,-0.2688259910770548,-0.23295596800551066,-0.21967899056112705,-0.45278400766907934,-0.5797852090075729,0.2309513603308741,1.1179464659817828,-0.3518539179457144,0.18727678310867424,-0.8044821804014455,-0.9426226891079182,-0.9209567729400631,-1.5851698939697927,-0.5712194760413526,-0.42057043511893055,3.092012018995779,-0.15648068156626804,-0.4430452125331006,0.0
293,2021-04-19,-0.6997676781708643,-1.3345348820208236,-1.1954943895615502,0.1690976130526878,0.4390498179246071,-0.6768654526919844,-0.45537498186338954,-0.21967899056112705,-0.2962733270154909,-0.4684375060543989,0.140196549636169,1.0387108053342233,-0.22640631717836338,-0.06422768007758328,-1.2425266384727394,-1.0680222910650456,-0.9209567729400631,-0.8688556419875498,-0.5104706698222977,0.008233317932145053,3.1172075651200024,-0.2089125692287518,-0.4379856115674263,-0.006779686985378804
294,2021-04-20,-0.6667727467624495,-1.4052597260763453,-1.1954943895615502,0.0173578962271761,0.336142674627491,-0.8307118655850446,-0.7605809446311432,-0.9153670245845413,-0.8408610678535897,-1.0519036952481855,-0.09116852751591756,0.9555133616542681,-0.3742471177207823,0.11817271158350966,-0.8360596201946326,-1.1553857071062603,-1.2590310996027934,-1.0479342049831106,-0.8040898998810624,-0.13663936247720235,3.0418775524485238,-0.4182171781270039,-0.6645807052188041,0.0
295,2021-04-21,-1.1004884631915561,-1.4052597260763453,-1.1954943895615502,-0.139247111868605,0.2281358229624988,-1.1265517916451908,-0.6557474518788752,-0.9153670245845413,-1.0304587276231982,-1.290505259694517,-0.27626058923758673,0.8445834367476847,-0.5091774961675871,0.2945090487468144,-0.45478925325731495,-1.1666751430928766,-1.3266459649353441,-1.006608382753373,-0.4598466646397521,-0.2805331734243213,2.9806112437113597,-0.5243203010892875,-0.6941243638635997,-0.010256500167188997
296,2021-04-22,-0.39357957409414795,-1.4052597260763453,-1.1954943895615502,-0.3340578540528109,0.0892880169897023,-1.1095666029923719,-0.6666033406754487,-1.3211850444315267,-1.6793505156314248,-1.5526354230792119,0.05194944717405941,0.7019592475820686,-0.6894457436034949,1.1043999636203365,0.4268993592787607,-1.0236774939127962,-1.4956831282667054,-1.0823723901745643,-1.209081941341427,-0.571257403705235,2.834732144888684,-0.8466067258152234,-1.0356036942557676,-0.013841051411871468
297,2021-04-23,-0.3193698201484737,-1.4052597260763453,-1.1954943895615502,-0.5921418003002411,-0.10493305232763736,-1.0939142297374282,-0.7790564863668528,-1.6110550586079557,-2.2159733976919624,-1.5457524057039425,0.3145174763033689,0.46029048260695904,-0.8416770179427229,1.7801791063869,1.009189758709518,-0.7379819006739807,-1.4956831282667054,-0.9859454716384927,-2.0798148304812116,-1.4307377501068061,2.4974799410845256,-1.3797941848748434,-1.6188652862669755,-0.006993035490970637
298,2021-04-26,-0.4706560205334544,-1.4052597260763453,-1.1954943895615502,-0.8582269310276268,-0.342462364367538,-1.0995661825961478,-0.8399485891461437,-1.6110550586079557,-2.0618342851158116,-1.2888452529027765,0.3658106710104947,0.12353892485481313,-0.9575076185885832,2.039989166988884,1.3027600860048856,-0.36466158116709635,-1.766142589596885,-1.3027767753998638,-2.150688437736776,-2.2635243283539244,2.131699811856936,-1.8281980241495448,-1.9608210883300072,-0.0035149421074446084
299,2021-04-27,-0.8936670876753641,-1.4052597260763453,-1.1954943895615502,-1.1193447977915203,-0.6011103125719895,-1.0048009965506872,-0.9044517417695459,-1.427979260180745,-1.7285739069290114,-1.0860131730385199,0.24808399817986548,-0.21321263289735914,-1.046545391334986,2.3427994495003217,1.548299636760662,0.054791509204689635,-1.8224883107073462,-1.272930348233948,-1.8165700035319745,-2.271096853841549,1.761064735847057,-2.1112417241765415,-1.9912642937308795,-0.0035273405179682992
300,2021-04-28,-0.6783033181247936,-1.4052597260763453,-1.1954943895615502,-1.342303913007971,-0.8652757269060282,-1.3260545410501647,-0.9043931698510094,-1.4371330501020982,-1.393811655106162,-0.9439922290728353,0.1539026599153692,-0.49449922819622205,-1.1258988023037215,2.2257078920080566,1.6596129249011258,0.47800289279680214,-1.7184654409649656,-0.9914202600535462,-1.533075574509719,-1.8687488758848723,1.412113224607548,-2.281901001580093,-1.8503851907083262,0.0035273405179684406
301,2021-04-29,0.4192876883159105,-1.130936677806679,0.7417909566582629,-1.497256601017518,-1.1014691895220485,-1.069562989250893,-0.7210155222098666,-1.2632110415962485,-1.0784319412886785,-0.7021614441023732,0.07855758930377248,-0.7401297762037008,-1.1965210705886222,1.7229887448221373,1.6596129249011253,0.8685839048815613,-1.4480059796347813,-0.6251392544787983,-0.5914690781143707,-1.724365630206644,1.1903320705703577,-2.1883196547369743,-1.3491810254620722,-0.010619568827460261
302,2021-04-30,0.20128796005778082,-1.4052597260763453,-0.11493947255266244,-1.6016127071705046,-1.3360064444370559,-1.4462458117480348,-0.7372930567753078,-1.4529441417844489,-1.0552896307304274,-1.0009668750812872,0.3358039900071468,-1.029339937567302,-1.2759734858662595,1.9469222612435364,1.8856193370994312,1.2399961924207652,-1.4104421655611392,-0.7241563954908009,-1.0774595278668084,-2.1575153672413387,0.8659519423786121,-2.316774834914657,-1.274667825653365,0.0035524016043677006
303,2021-05-06,-0.7397833842138362,-1.025699452906039,1.2687471463223854,-1.6605696376410548,-1.5384889507194606,-1.161238687247836,-0.5389219433606331,-1.2632110415962485,-0.9061128125255,-0.9397695389851112,0.06531742478086495,-1.2987411837690488,-1.3215250640154554,1.5426927423685592,1.8856193370994305,1.5713091480457715,-1.0636992664198797,-0.3551674300548516,-0.4193474604937156,-2.0131321215631104,0.6134542949026599,-2.196152601469796,-0.8488501568094364,0.014084739881739023
304,2021-05-07,-0.14498839136586208,0.3149874419745172,1.2687471463223854,-1.661378135399474,-1.6572744056329018,-0.7647819476708814,-0.13182543416334958,-0.45157500190226485,-0.4855781628137593,1.18163544302175,0.3252118583888208,-1.4532507220317987,-0.14482252501163334,0.9996046669696154,-0.4515741956830343,1.55146048281546,-0.1750467506207062,0.7555670625816447,0.9475006794350157,-1.1546902390952511,0.5077809544575809,-1.6470694505053667,0.121750434032282,-0.0035026305512020003
305,2021-05-10,-0.7577517778042578,0.103079255478142,0.9929228931366846,-1.628181672022011,-1.7229710923176313,-1.1514870085893465,-0.1540082874242238,-0.644821678019876,-0.4587287959419819,0.8492434948427724,0.21560494808252645,-1.6275691754564474,-0.3319971968874065,0.6392762289195532,-0.4515741956830345,1.3540680245145016,0.6406246406925462,1.4154346481401905,0.5323838369381418,-1.300055683723671,0.39463636934912305,-1.3351980937348005,0.5494692742946218,0.006993035490970604
306,2021-05-11,-0.6593219682538476,0.7096354387712362,1.2687471463223854,-1.5403865173551505,-1.7227556994882127,-1.0154861144775245,0.42369097047428544,-0.25832832578464576,-0.17023604545943252,1.1913376944820973,0.28668064843382035,-1.7226519682335366,0.10725106542069575,0.27580157678042283,-1.234245586721682,0.9805181083630905,1.3731190151284656,1.7656108613726653,1.0082494856540705,-0.5792229119064385,0.3347139409580513,-0.897183433985457,1.0771070652285206,0.0034782643763247925
307,2021-05-12,-0.9201700093756388,1.4381552056050149,1.2687471463223854,-1.3985069769872867,-1.6643460217996089,-1.1064144785188859,0.1678726114756901,0.1281650264505801,0.10216903625509764,1.129784642644806,0.3435412087148555,-1.7028430530716379,0.17253227848057964,-0.03806505949147407,-0.8522062759704825,0.597221768253669,1.3972671813186597,1.169228955914309,1.119622297055671,0.15714426121004194,0.3180709546010332,-0.49658894128487274,1.444200140884567,0.0
308,2021-05-13,-1.1485667418728684,1.4381552056050138,1.2687471463223854,-1.2386769276671077,-1.5677933974916713,-0.9884474734233133,1.4809956092858412,0.24411303212114652,0.2533051475837185,0.8437891868128408,0.07150719974703196,-1.647378090618355,-0.021510485423518334,-0.24308643591917897,-0.8522062759704825,0.24024226001133725,1.5904525108402152,1.1364306843033927,0.7045054545587969,0.4581011149927439,0.4027177169705718,-0.23062681544971422,1.5399308010055626,0.006920442844573757
309,2021-05-14,-0.8335609364033916,1.4381552056050149,1.2687471463223854,-1.0359669756010543,-1.4248934401964526,-0.621441336793543,1.444832450098233,0.707905054803422,0.8474054348000174,1.2941253150259036,0.01264122116909531,-1.544371731776501,0.4311822372134199,-0.46055350324470906,-0.10762587084889111,0.022569529490491468,1.7594896741715764,1.288942647294114,0.9373758783985068,0.9111369951312303,0.5214935550235175,0.13108792326022234,1.757296008609961,-0.006920442844573795
310,2021-05-17,-0.7517588173076617,0.9032635084290245,-0.18203146724099445,-0.8316598815260459,-1.2804103312199164,-0.6737496924014138,-0.0009957116902208694,0.7079050548034256,0.8336333919428315,0.7308850105926001,-0.03445156169325412,-1.4690978541613195,0.1690939070603906,-0.6529237352352437,-0.10762587084889155,-0.10625911194626189,1.4777610686193055,0.7395715978114054,0.11726699444126783,0.7633117758960413,0.5552273161662681,0.1571466383238285,1.4376885022454062,-0.006968669316093316
311,2021-05-18,-0.5863908640393269,0.4173857761693824,-1.1954943895615502,-0.6816135908175085,-1.1623176282129246,-1.0302811968637628,-0.05047321133555247,0.4760090434622873,0.2931101372415368,-0.9278692305561161,-0.07212578798313354,-1.417594674740397,-0.062479660584217465,0.05265684540563009,-1.2257859228100707,-0.3245179995907623,0.5891085528201274,-0.48183603697883154,-0.6522178843334255,0.30920121033184017,0.5845359278467293,-0.02080910991810345,0.8820493793094158,-0.0035026305512020003
312,2021-05-19,-0.715645483820808,0.18705739540698238,-1.1954943895615502,-0.6039953552835963,-1.0748365731072875,-1.044465843479862,-0.5225325527877315,0.12816502645058775,-0.12606054189251933,-1.463383109861618,-0.2610263976113593,-1.3145883158985607,-0.23697298856293658,0.2848527907258736,-0.8833579939043814,-0.5260980096185688,-0.5378058693889683,-1.6120644766907344,-0.8850883081731353,0.6165954634233425,0.629522776102824,-0.21984083906733093,0.406551031893894,0.0035026305512020745
313,2021-05-20,-0.6833514936867507,0.5093399041832636,-0.5992803704265829,-0.5972376645819832,-0.9956432238561178,-1.0555117860512664,-0.48745193454412594,0.4760090434622873,0.07331736826142715,-0.6779627535469168,-0.2533856567176104,-1.1957348249272213,-0.06986562848930027,-0.0053183446326806735,-1.1756414937128297,-0.7406874298158534,-0.9885716382726087,-1.4336418791273935,-0.4193474604937156,0.6144381508506815,0.7375668071167494,-0.23404768448863897,0.2978919121828047,-0.0035026305512020003
314,2021-05-21,-1.0463473046845349,0.26100491140527204,-1.059651974552416,-0.6443992839442041,-0.934207776852519,-1.345592311259371,-0.5983260077652314,0.12816502645058775,-0.10286552234364003,-0.6315274284269357,-0.24727306400261137,-1.1680023437005667,-0.277110104138732,-0.26044285373407916,-1.1756414937128303,-0.9443968004916652,-1.0336482151609627,-0.8550803679109544,-0.5914690781143707,-0.1411982929795892,0.8097675315725307,-0.3247371723915426,0.09851569146211914,0.0
315,2021-05-24,-1.259959595040825,0.26100491140527204,-0.9354070321556375,-0.7034578573956718,-0.8837365935395518,-1.2111802291338027,-0.7255652461334314,0.12816502645058775,-0.2841974199628448,-0.6917076097824014,-0.4011442184269414,-1.1323462964091473,-0.4318960459573717,-0.4509892473039505,-1.17564149371283,-1.1259257891115568,-0.9209567729400504,-0.49233148389430625,-0.2978498480556061,0.008233317932145053,0.9374957887133242,-0.36325884885052334,0.015714657821900214,0.010471299867295437
316,2021-05-25,1.265626207563966,1.2234710972626621,1.2687471463223854,-0.6806651530202834,-0.8045234819137407,-0.6266314204054512,-0.12246217654449484,1.0943984070386537,0.5702232848818601,1.5284483789950052,-0.20671868477375416,-1.0768813339558378,0.46390074549927973,-0.6833289509239594,0.21162450813066339,-1.101080836773333,-0.28988469650295856,0.38010254095584944,0.7652542607778516,0.15714426121004194,0.9996828782289133,-0.08533556911095341,0.4147283511038153,0.003466207976486329
317,2021-05-26,-0.005315791546547207,1.4381552056050149,1.2687471463223854,-0.577773915253028,-0.6978630669102401,-0.34891200014640583,0.8240039553702532,1.4325800902444916,1.0462855805758895,1.4150039914053605,-0.2099394864475333,-1.017454588470177,0.5511705355517735,-0.8554685918583833,0.5260966695040687,-0.9321138312370295,0.6116468412643224,1.3627387584186712,0.9373758783985068,0.1566272093236658,0.9803419096077135,0.18281477677606192,0.7195706088631348,-0.003466207976486284
318,2021-05-27,-0.5617110888456731,0.8546163243934292,0.4711127715706309,-0.40828713275736855,-0.5900740611491747,-0.5396691444223207,0.7315364975239247,0.8735450629042351,0.8857167540208165,0.9079821967039481,-0.37127735638287906,-0.9738749751140104,0.30581471388198034,-0.9835098945672941,0.5260966695040687,-0.7034083908475272,1.1751040523688654,1.541817321414223,0.41088622450003237,0.008233317932145053,0.9915747000869685,0.24445710949844454,0.659825145118118,0.003466207976486329
319,2021-05-28,-0.24206263992309443,1.4339124932165548,1.0229018978427893,-0.18129062371144983,-0.47420586034113543,-0.3005059168927009,0.8342634065400123,1.2876450831562836,0.7846328626467625,0.6874802014278392,-0.34158642373483306,-0.9382189278225997,0.04447918998351561,-0.6314813661991983,-0.2730565865314721,-0.566722933877189,1.2201806292572392,1.009173390453085,0.5830078421206873,-0.1391371673118393,1.0185593731216918,0.3673918202164366,0.702144149189134,-0.006944472352811046
320,2021-05-31,-0.43706852281080705,0.12800012901095087,-0.4367066883159143,-0.010927424997576804,-0.3821385973036072,-0.330094256058943,0.5292373481695956,0.12816502645059294,0.0882737391283657,-0.17157331329139042,-0.3178336776163896,-0.89860109749882,-0.18379138466094624,-0.32271420170337967,-0.967892851198124,-0.578420140275902,0.6341851297085039,-0.07448150357133843,-0.23710104183655145,-0.1401605734593662,1.0939390750584819,0.23874595146264704,0.3661119533911375,-0.0034904049397686022
321,2021-06-01,-0.5151675394383908,-0.4783175057976543,-1.1954943895615502,0.0422906453455838,-0.3203487442092901,-0.5230261422086635,0.10912187994891143,-0.45157500190226485,-0.5224732962041738,-1.3652055653222515,-0.4575927093179641,-0.8391743520131415,-0.35238335209658805,-0.006422260005423452,-0.9951689475077123,-0.6684117244273602,0.00311305327140249,-0.7540616913493735,-0.6522178843334255,0.008233317932145053,1.1348118879382803,0.058107883042252964,0.020844447766405292,0.013889112160667093
322,2021-06-02,1.0858566204815854,1.4381552056050149,1.1130666012861077,0.07223961621528725,-0.23239404538964936,0.12470033585509975,0.08292965437459215,1.867385111509116,0.4169699372542658,0.10299498710694219,0.06564497970607991,-0.7005119458799034,0.4875672313635775,-0.3869701972369089,-0.146265259316991,-0.6807104630341657,0.22849593771321755,0.0632712371944638,0.6437566483397421,0.7580129796998003,1.3088695485876283,0.32602225883485314,0.4041165501750881,0.0
323,2021-06-03,0.2637005751988677,1.4381552056050133,1.2687471463223854,0.14146764516331342,-0.13293878799268805,0.38615972953729916,-0.22664939831665998,0.997775068979848,1.3891503568994161,1.4199363560832032,0.00795144513633345,-0.6014673700704452,0.9423243126211194,-0.5976333661607688,0.45967319841391796,-0.5736402519791106,0.7017999950410375,0.9035629558659419,0.5830078421206873,0.6059597615790915,1.4687854566212832,0.4756343711489066,0.5367998344937144,0.010291686036547724
324,2021-06-04,0.3841558474114803,1.4381552056050149,1.2687471463223854,0.2968233717403571,0.0032407626748183023,1.071816864482377,0.4087030892234752,1.5195410944974164,1.786421819286167,1.4435259262813873,0.12055784607686586,-0.4152635675486537,1.2777625001783932,-0.8089442296740669,0.919596594052541,-0.3546529934549113,1.6484081096966907,1.968850817788267,1.3423679198588718,1.2078807767604085,1.396468523050555,0.830390458608438,0.9445602492991462,0.0
325,2021-06-07,0.3781165653593467,1.4381552056050149,1.2687471463223854,0.546350861950121,0.15335406233319557,1.253815249289871,0.03737376292416886,1.5195410944974164,1.4051171866006922,0.8976671075966279,0.210642966829292,-0.22905976502687986,0.8420932329999877,-0.9880483734400801,0.919596594052541,-0.09644171140761355,1.5131783790316018,1.1974354694996991,1.0993726949826528,1.2078807767604085,1.392668351007857,1.0103192889729407,1.0137280752883093,0.010186845306992997
326,2021-06-08,1.143792650576214,1.4381552056050149,1.2687471463223854,0.816057239614094,0.3373408223751864,2.154144170118856,1.002495150948892,1.867385111509116,1.5600708173751494,1.016170689434248,0.6002335206238845,-0.05077952856984437,1.063086591718827,-1.1761255674347817,1.3215734115094326,0.2129296694403807,1.8512527056943324,1.348963484342091,1.615737547844618,1.1953844490642824,1.269689118971003,1.3598960338113553,1.3184878917865999,0.0
327,2021-06-09,0.3626084581620879,1.4381552056050149,1.2687471463223854,1.0579200665956188,0.5291569235738484,1.6033957708600952,1.4172429646512665,1.370465087206677,1.622974508196742,1.396261005629671,0.43562227787057756,0.08392109453102453,1.4063714883599627,-1.2828993146390961,1.625588229530131,0.5626470637658972,1.6859719237703268,1.0306015945721987,1.028499087727089,1.0433962419643126,1.1862736545242167,1.5134195219233841,1.2740476244069046,-0.010186845306993018
328,2021-06-10,0.14744308470787562,0.39368582264320284,-1.1954943895615502,1.2257447589443302,0.6765653405802783,1.6172064322318784,0.14623240721700326,0.6250850507530246,0.9485428473810567,0.4595425900812924,0.7802169694569132,0.18692745337286082,0.860856867470183,-0.14459209569381776,-0.10823031619372746,0.6791366861488092,0.9760158377785938,-0.052288006447963276,-0.17635223561749672,0.7502027748897298,1.1915675471686038,1.2584792984835786,0.6379499304370755,0.0
329,2021-06-11,-0.3157287710849153,0.24730494577122722,-1.1954943895615502,1.328852785335488,0.7854767918135528,1.3327736517567403,0.16745180747613939,0.6250850507530246,0.5528614214357126,-0.4161559681086773,0.73837026553333,0.2899338122146971,0.504033367809904,0.01476672594205214,-0.5705762541229429,0.6070534972350272,0.13083002112177175,-0.9009979481662336,-0.3484738532381518,0.5997549888076708,1.1828399161808008,1.051093266661659,0.19898852435458483,-0.013745920904635126
330,2021-06-15,-0.14230086715308193,-1.0801445867935962,-1.1954943895615502,1.322393914182506,0.8146807590362188,0.6649055442005917,-0.345587083950052,-0.368754997851853,-0.10984921783501804,-1.3906590027954087,1.022415359587115,0.3691694728622567,0.12682059293590325,0.8782846264914369,-0.8656871352011449,0.40630213581053515,-0.7857270422749599,-1.5744557919102191,-1.5027011714001917,0.3060552044879389,1.1961958649733595,0.5039357157318343,-0.6517310973724779,-0.003466207976486284
331,2021-06-16,-0.10988801415953266,-1.3639973426303902,-1.1954943895615502,1.1851977876138107,0.7795044830066162,0.5540561219513138,-0.5018472063592732,-0.6172150100030782,-0.5876123606403262,-1.3257736007121996,0.7733677490411619,0.46029048260697664,-0.09322151448960128,0.9419098885711522,-0.5568911354722766,0.19641153148577306,-1.1699024134826144,-1.404491172874429,-1.5634499776192463,0.307096539755623,1.239577800590021,0.05869433328114243,-1.182464121843811,-0.003478264376324697
332,2021-06-17,0.6294293579733553,-1.4052597260763453,-1.1954943895615502,0.9775202446130261,0.6935051485799717,-0.011283140911552757,-0.8138509444840711,-0.865675022154292,-0.5773640739770495,-0.8429010283729848,1.0504133463933805,0.4484051335098427,0.244083223817265,0.4437229449573264,-1.229778292759285,-0.08843201157679195,-1.5643224612558009,-1.4369813395095992,-1.3913283599985913,-0.43387813779981754,1.2954833495744493,-0.3053783151458686,-1.4877118707825165,-0.010507977598415206
333,2021-06-18,0.20132029774749557,-1.4052597260763453,-1.1954943895615502,0.6976091332236947,0.5450662305319457,-0.3932353197458035,-0.8952488865812801,-1.6110550586079557,-1.211575812694514,-1.25066509669303,0.7957661384861816,0.37709303892702145,0.012300804084978082,0.9549192213123106,-0.6777684489847426,-0.3165451565520362,-1.699552191920896,-1.3125864402725909,-1.7558211973129196,-0.8759895935317897,1.2289959151747811,-0.7932042106886358,-1.9138587990299112,-0.007067167223092443
334,2021-06-21,0.13948189509674902,-1.4052597260763453,-1.1954943895615502,0.39436229554170116,0.3433861731578603,-0.6019984902228085,-0.895215389497997,-1.4064409309540145,-1.4709474270658673,-1.3141267076903207,0.7508096007567447,0.21069815156712868,-0.2215861339109372,1.755490733688581,0.08622350371022657,-0.397832081297652,-1.7184654409649642,-1.1237463776982848,-1.8266948045684837,-1.5962439787515608,1.1121550330097227,-1.2399758950547284,-2.1944162159604548,0.003539826705124208
335,2021-06-22,-0.3350876853330714,-1.146941757087739,-0.15239103994435932,0.11302684873767872,0.13315444414232055,-0.5515043272434279,-0.8380486516879956,-1.2018268033000643,-1.3126684087539524,-0.870390740843995,0.5560831419768659,0.06411217936912583,-0.3997763202961291,1.3053998520998709,0.08622350371022716,-0.39757200186524305,-1.5852846456129817,-0.8710070251183943,-0.8952131092096444,-1.4503824063257675,1.0433661725949326,-1.3590745790801777,-1.937099550456259,0.0
336,2021-06-23,-0.5228962472802168,-1.146941757087739,0.09018972820052436,-0.14372675269524757,-0.06903702272832338,-0.4229975546142933,-0.7719838456423007,-1.2018268033000643,-1.0631679674943388,-0.609238472369363,0.24154074635664013,-0.1458623213469247,-0.5355928184843096,0.9623407384421396,0.08622350371022657,-0.35572753903036564,-1.3394124080400864,-0.5669234691621514,-0.5408450729318252,-1.8687488758848723,0.9158041888360905,-1.3693012682862726,-1.5711767123772598,0.007042282625412951
337,2021-06-24,-0.26439312565855216,-0.6254673906878225,1.2687471463223854,-0.33119028923342647,-0.22958737740761667,-0.07885140526316464,-0.5734467000052791,-0.7925985479921731,-0.7630889102229711,-0.1105878740579314,0.14866805845678902,-0.3162189917391954,-0.34859770359963244,0.5983828991820671,-0.4584803220460222,-0.3668523629373212,-0.5419037400151819,0.41596962986853414,0.3501374182809776,-1.5799823845284107,0.8468105398541553,-1.1244622110699836,-0.9034269615754871,0.0035026305512020745
338,2021-06-25,-0.9139297092523053,-0.3819968748660583,1.2687471463223854,-0.4304484667391064,-0.3418783294065128,0.21484690366801532,-0.2312335366346912,-0.587984420338232,-0.4502446945099202,1.2029123102593797,0.07436990813690812,-0.395454652386755,0.15465592187375593,0.2765792541542208,-1.1806882315209286,-0.49792610526439063,0.3391384446210187,1.2473026038608275,0.7652542607778516,-1.0127976890483976,0.8138768543451527,-0.8306319275010505,-0.2971976055123731,-0.007017572658646535
339,2021-06-28,-0.8271904115295853,-0.7638484487898305,0.4282608278858261,-0.4822767729794333,-0.43960860729292467,-0.09161817548009445,-0.05773657408482232,-0.9972126756461231,-0.5258524760616257,0.6201625575843587,0.1736926164773257,-0.510346360325734,-0.10791945702776844,0.3838992820327634,-0.9709233518697852,-0.6522449495297494,0.7694148603735792,1.1769812746586916,0.056518188222213106,-1.3045208338999792,0.7252999019163321,-0.8033288786979768,-0.20407690216832158,-0.007067167223092443
340,2021-06-29,-0.911702778620057,-1.104234848112935,-0.7073968625701876,-0.5308534924753108,-0.5438047938399145,-0.10658742469775255,0.23542056329946415,-1.4064409309540145,-0.7369064241081402,-0.7543230659663844,-0.0643716740429921,-0.5935438040056715,-0.27677071272852477,0.5762637103549086,-0.5803774789972648,-0.7550849196735463,-0.13211667739370184,-0.6430246336411757,-0.6623426853699346,-1.026929606100032,0.6023965015779895,-0.9383138530524406,-0.3681849842137643,0.0
341,2021-06-30,-0.6332507984108455,-0.9876746109558271,-0.7073968625701876,-0.5854443008900031,-0.6430566862722794,-0.10705194677962616,-0.16134090968431655,-1.4064409309540145,-0.6854852777820949,-0.7543230659663844,-0.2548231064592464,-0.6569323325237456,-0.4297476173879299,0.2996471809750173,-0.5803774789972644,-0.8232650585190932,-1.259031099602798,-2.0581209705990937,-0.6015938791508798,-0.8821300304169557,0.502368419097731,-0.9766371232717712,-0.35735417511524464,0.003539826705124208
342,2021-07-01,-1.104085812674419,-0.5974575889142855,0.012719844059657079,-0.658251739921919,-0.7186819330155048,-0.3625251045628062,0.07558543451824108,-1.1141350343055167,-0.5840255320881979,-0.5252421287079221,-0.40718425239224965,-0.6846648137503915,-0.5681183413744285,0.04944189984354946,-0.5803774789972648,-0.8681958843475296,-1.6647202915980646,-1.8101660372206128,-0.24722584287306057,-0.5874104551794472,0.404771026083053,-0.8604467117923879,-0.12151514115714841,-0.0035398267051241737
343,2021-07-02,-0.9323001389851268,-0.4451588630812786,-0.6916093125720928,-0.7354023950285786,-0.7839968173276339,-0.6852249482022656,-0.4879525400064874,-1.3434827378297247,-0.6332929462891783,-0.5594726135856112,-0.5290731691386522,-0.6688176816208884,-0.6930743812393517,-0.1765066258469611,-0.5803774789972643,-0.8975969932628736,-1.6647202915980646,-1.18568694574892,-0.4193474604937156,-0.29273457446755,0.2903333840140237,-0.8447906476210758,-0.08065495854558836,0.003539826705124208
344,2021-07-05,-0.7679433940140885,0.49123344757277937,1.2687471463223854,-0.7926673078743809,-0.8240370415490134,-0.4084768083271556,-0.4645051407338184,-0.9786113913139415,-0.6953412978685304,-0.815411315901948,-0.6265843025357744,-0.6054291531028231,-0.8057332653193764,0.12141966237370701,-0.04995520862342002,-0.8477602647926046,-0.763188753830777,0.26530859031768034,0.11726699444126783,0.1597845261617863,0.23891359835070844,-0.7017708131869645,0.13929030339589965,0.0035273405179684406
345,2021-07-06,-0.9284764256742607,1.2688323670589536,1.2687471463223854,-0.8159866829589247,-0.8311323097323838,-0.4835306907681484,-0.006430997539349419,-0.6623895576669413,-0.22251940007030074,1.4819432263185153,-0.7045932092534717,-0.5460024076171534,-0.5094789372946651,-0.11724645660809234,-0.8568049174968879,-0.8663932690766771,0.3186490914899551,1.4407986448526333,0.4716350307190871,0.15924900952492618,0.227628894230473,-0.48805946197573624,0.41918101111594885,-0.007067167223092443
346,2021-07-07,-1.082225534427246,0.1025681423678597,-0.26096611966242206,-0.8333808027689444,-0.8379403264460269,-0.41977783895310555,0.04970610658467415,-1.031315030255123,-0.5220983538339745,-0.28525257538958676,-0.7670003346276297,-0.5301552754876415,-0.6448889130883741,-0.3317331740467086,-0.8568049174968878,-0.9184387489061017,0.769414860373589,1.2754953559336444,-0.24722584287306057,-0.14278237366064084,0.28145798783713677,-0.524238074071301,0.27569181372375196,-0.003552401604367772
347,2021-07-08,-0.5322881611633177,-0.43236918421301374,-1.1954943895615502,-0.8558400341818315,-0.852564023710072,-0.41804186693144946,-0.30717009881802676,-1.6110550586079557,-0.9913124490911285,-1.3652055653222328,-0.6581648063306338,-0.5856202379409332,-0.7893366180522955,-0.032651910980257506,-0.23036507396212125,-0.9018934196277829,-0.13211667739369837,-0.6346759826856753,-0.5408450729318252,-0.5915904114819868,0.3850905240249354,-0.6154515796527975,0.07998517351153302,0.0035524016043677006
348,2021-07-09,-0.3633062525714558,0.049448512091627324,0.05186201226665923,-0.8758817739910119,-0.855822860407461,-0.5806316902964229,-0.16889639045099905,-1.031315030255123,-0.9166154180113971,-0.8743178426256627,-0.7298576122893594,-0.6529705494913589,-0.8945816414433688,-0.258693252327449,-0.23036507396212139,-0.8517034187049678,-1.0336482151609858,-1.736697908812207,-0.1257282304349511,-0.5894931257148013,0.47155196445515224,-0.5471040815733698,0.15801509424340562,-0.003552401604367772
349,2021-07-12,-0.28426682096730255,-0.7156429576051639,-0.7601780919173554,-0.921002981689337,-0.8603426752333061,-0.766209156933781,-0.2853536233080158,-1.6110550586079557,-1.0756190451771606,-1.0215841594346144,-0.78721185705634,-0.7005119458799034,-0.9888688563470931,-0.4611998207333847,-0.23036507396212108,-0.7884449119164153,-1.4844139840446195,-1.6448627483016485,-0.4193474604937156,-0.44321852066739753,0.6204880138398422,-0.574137366389666,0.0802050359029646,0.0
350,2021-07-13,-0.45166418276314146,-0.8429999583632466,-0.7601780919173554,-0.9846979937862663,-0.8619066942973308,-1.008461139335217,-0.4557565440906206,-1.1141350343055072,-1.3238121050714293,-1.2793002138503617,-0.8330952528699245,-0.7123972949770373,-1.0732093248385395,-0.07727093084462988,0.4126278583857436,-0.6401427414401615,-1.1463396573818818,-0.611717192558018,-0.30797464909211525,-0.14331789029748668,0.6565792941138698,-0.5632228676205425,0.07374987674115148,-0.010733555643108777
351,2021-07-14,0.525781818487889,-1.4052597260763453,-1.1954943895615502,-1.0822935276887466,-0.8936099108264617,-1.2290214745488521,-0.7219837244739213,-1.2632110415962565,-2.1670805148533203,-1.763806396151939,-0.3935182837318176,-0.7678622574303379,-1.1905012629291205,1.173613921098213,1.461353723181761,-0.32430290562417785,-1.4039200967439593,-0.9331402543449234,-1.026835522684263,-0.5979715149863913,0.565907573688011,-0.8130743532107257,-0.31480652959149463,0.00359066813072854
352,2021-07-15,-0.6906274738725701,-0.5453079598191082,0.07730559778687873,-1.1971399618808212,-0.926267170166171,-1.4143489482048366,-0.5484065315323751,-0.9153670245845413,-1.7591832099640967,-1.0215841594345672,-0.5181403942103066,-0.8391743520131503,-1.2509590080453499,0.8101547437785852,1.461353723181761,0.05123248713526092,-0.9531543278603188,-0.3230924023820284,-0.4902210677492794,-0.5958294484389748,0.5282399305012002,-0.8319202376175119,-0.2860147034739321,-0.003590668130728596
353,2021-07-16,-0.8935700746062197,-1.0261486215952629,-0.47967538531027676,-1.317463424574804,-0.9656427606222104,-1.535441048788982,-0.5259137999201712,-1.1141350343055265,-1.4757024575313638,-0.7925032221760986,-0.6178380825930977,-0.9025628805311892,-1.3050770021506188,0.4848088087313108,1.461353723181761,0.4265688462732429,-1.0658457700812414,-0.5625197851416798,-0.6724674864064437,-0.5979715149863913,0.40576190553370955,-0.8991334280664074,-0.3340934765558375,0.00359066813072854
354,2021-07-19,-0.9034785175331428,-0.15671157187473542,1.2687471463223854,-1.41707225785461,-0.9909690521539367,-1.2820555371842652,-0.5839791826775186,-0.6172150100030752,-1.0290813112967905,-0.45283148762049064,-0.6975962332993305,-0.9540660599521381,-1.353446366483188,0.19402242008927767,1.461353723181761,0.7711639548584016,-0.7181121769424272,-0.20436265915054483,-0.1257282304349511,-0.5958294484389748,0.3397086248911561,-0.8038107132183124,-0.1335874005485273,0.0
355,2021-07-20,-1.1652407538830862,-0.15671157187473542,1.2687471463223854,-1.4692051131760113,-1.0022637247138069,-1.300985168613608,-0.4265278286222743,-0.6172150100030752,-0.9582689739691118,-0.6350100778108947,-0.9201639824606392,-1.0293399375673198,-1.3876860139036462,-0.011819098796831422,1.461353723181761,1.0719445389912907,-0.627959023165697,-0.17156438753963063,-0.004230617996841628,-0.7441864130670927,0.27652522978670496,-0.7088492543519029,0.02628632213950902,-0.003590668130728596
356,2021-07-21,-0.4338365018225596,-0.7131001247905385,0.2631063602188326,-1.50350383627394,-1.0122683945263924,-1.2814169602935206,-0.5944624527041534,-1.1141350343055265,-1.00351688815731,-1.777551252387644,-0.9394569531933638,-1.0729195509234775,-1.4276332514925745,0.35714255644935017,1.790815775105974,1.3686221843807285,-0.4025761387238785,-0.02856392331607466,-0.18647703665400583,-0.5979715149863913,0.18792263946210652,-0.7126875003286584,0.00892462107316192,0.00359066813072854
357,2021-07-22,-0.9414621930737687,0.2255003163431048,1.2687471463223854,-1.5141908291664505,-1.0049812155157662,-0.9981411423236783,-0.07854010420121763,-0.6172150100030752,-0.7551195338249312,-0.6350100778109462,-0.9548913297795435,-1.0768813339558643,-1.4631120776872513,0.0713389944330164,1.790815775105974,1.638987910379472,-0.04196352361696168,0.357143750828216,0.11726699444126783,-0.29594775481345365,0.1671294117072464,-0.5872566730078659,0.18509365582696238,-0.003590668130728596
358,2021-07-23,-0.6468623438059148,-0.3664705210667592,0.07967373816932356,-1.5215088615198702,-0.9955995757766954,-0.882243006571552,-0.543462423163936,-1.1141350343055265,-0.7681166424041754,-0.9070436908054033,-0.9672388310484873,-1.1164991642796265,-1.4945811154624997,-0.18216327872679744,1.7908157751059746,1.8738585161993921,-0.13211667739369864,-0.01019689121397451,-0.18647703665400583,-0.5979715149863913,0.16641877250877227,-0.578024095472388,0.1551879209529455,-0.0036036075032985443
359,2021-07-26,-0.15224164776971974,-0.7347183331718915,-1.1954943895615502,-1.5338122545089439,-0.9935527378491092,-0.8477153390917913,-0.5982421015823225,-1.1762500373433118,-0.9380912325896097,-1.3652055653222173,-0.8183556034673127,-1.14423164550629,-1.5281685604037882,0.16733514880001596,2.0868930750313277,2.1099137133098815,-0.13211667739368568,-0.12039908382660679,-0.4902210677492794,-0.6001288275590572,0.0982545538035183,-0.6394270569295756,0.02741113645855666,-0.007246408520767198
360,2021-07-27,-0.08165633704693953,-1.4052597260763453,-1.1954943895615502,-1.5610317666522036,-1.0160936693983302,-0.8255395349912171,-0.7992567519842496,-1.6110550586079557,-1.4188018738099137,-1.6726562969060634,-0.6992490214023803,-1.2115819570567157,-1.556676558560279,0.4603637032811175,2.2851452192610213,2.353061133077955,-1.0336482151609732,-1.369357266770016,-0.9762115175017173,-0.904309900304656,-0.06595817773359672,-0.8352300296509284,-0.27241246974635364,0.003629768050578731
361,2021-07-28,0.6064853301249312,-0.29693951924903145,0.10069099663900777,-1.6081876411587723,-1.0362409840889857,-0.7002195561891853,-0.5710350163147204,-0.8380683541375105,-1.4640734146373628,-1.1452878655541565,-0.6039637557504344,-1.2115819570567157,-1.5809163046562742,0.7062214758564999,2.4259417578912212,2.5982710715421247,-0.9434950613842483,-0.873447400013086,-0.4294722615302247,-0.29923028437545557,-0.16168970503553187,-0.8204353545682124,-0.20263928232670936,-0.007272759329079585
362,2021-07-29,-0.645426375584257,-1.3658881677554395,-0.8634038657788379,-1.670774890383587,-1.0735762530249373,-0.8682525006295733,-0.5593253964140017,-1.6110550586079557,-1.5119727221523898,-1.0052212353446617,-0.5277355432288776,-1.267046919510016,-1.6015599313815028,0.31403234463951174,2.4259417578912212,2.8245161776296754,-1.3942608302678954,-1.185686945748941,-0.9154627112826627,-0.7576706376369702,-0.3097314389468568,-0.9622284020121038,-0.3770444862709294,-0.007326040092072898
363,2021-07-30,-0.39579164686895985,-1.4052597260763453,-1.1954943895615502,-1.7588015029630246,-1.1388489873993433,-1.2356584129440742,-0.727981067950321,-1.294833224960941,-1.9155949584553893,-1.5942865025807162,-0.30799174461530276,-1.3304354480280727,-1.6219520240821892,1.6581006709264945,2.670915571549384,3.05444426391836,-1.2252236669365266,-0.7976833925918835,-1.2293315434144452,-0.9141574889906571,-0.5335011001376264,-1.1924297192272937,-0.6465512777726616,0.0036697288889624017
364,2021-08-02,-0.008919258970707368,-0.4695483292626135,0.5485322983693771,-1.8422717294688493,-1.2006403149958158,-1.1270389925726363,-0.4820325582856806,-0.5407657754950085,-1.6228041718551753,-1.1621565527522626,0.026564522871886462,-1.4017475426108763,-1.640815886885647,2.074426004763605,2.747655851292563,3.2774521628317688,-1.1651215644186965,-0.5971766254771786,-0.5610946750048434,-0.9108514287507953,-0.6571762811045938,-1.1827241670990611,-0.5094326330538206,-0.007352974305258806
365,2021-08-03,-0.6792533470091162,-1.2585248035694567,-0.5875319890112323,-1.925341305293206,-1.2758927276857612,-1.1386025875358143,-0.4444026404387,-0.9786113913139415,-1.4852223335459183,-1.0111713895592065,-0.023312920331021086,-1.5047539014527214,-1.6523225698778972,1.5159345970196967,2.747655851292563,3.4787246274587384,-0.8270472377559663,-0.20840777931588203,-0.9255875123191718,-1.2172130109784451,-0.8109738261793604,-1.311668275118476,-0.6035879599307207,0.0
366,2021-08-04,-0.9159905814779105,-1.2585248035694567,-0.5875319890112323,-1.9951446648415683,-1.349779414126777,-1.0214085327429603,-0.22680984067369947,-0.9786113913139415,-1.2105169982244717,-0.7872968372384432,-0.22197610348966942,-1.5760659960355425,-1.660659549023939,1.1112887731327965,2.7476558512925617,3.652477179521037,-0.6580100744246048,-0.12958259987767481,-0.6825922874429529,-1.067889290144462,-0.9645695749762683,-1.3299292888906493,-0.516179939248899,-0.007407441277861805
367,2021-08-05,-0.7439916538348236,-1.4052597260763453,-1.1954943895615502,-2.037584533404119,-1.43723227727097,-1.1574900305509004,-0.6627214905466656,-1.6110550586079557,-1.23326235075457,-1.13612462806379,-0.3809066500165882,-1.6949194870068907,-1.6681145384365144,1.3171149303410117,2.7841785143484614,3.802750237444435,-1.2590310996027934,-1.1933398757914764,-0.9964611195747356,-1.5235745932060902,-1.1862350860818534,-1.4693057116062787,-0.6243239591958553,0.0037105793965357746
368,2021-08-06,-1.1786128255759434,-0.5948022780508369,1.0069223432849748,-2.0557215051911046,-1.5100050367671523,-1.1663695327595491,-0.45837856627633644,-1.2632110415962412,-1.0169211075295768,-1.0215841594345374,-0.6668123158344454,-1.7820787137192062,-1.673398931437166,1.0085029749796572,2.7841785143484614,3.928776773221586,-1.3266459649353346,-1.1137494033489963,-0.3788482563476791,-1.2216210912982577,-1.3069887890379857,-1.3925356191813978,-0.39304885736360157,0.0036968618813259814
369,2021-08-09,-0.6068195440229116,0.18190602282674648,1.2687471463223854,-2.036985003208508,-1.5515180022663206,-0.8912398425216677,0.09368585851149554,-0.9153670245845413,-0.6953204433346071,0.009280058228469513,-0.5780143912960793,-1.8296201101077596,-0.7707654601939058,0.5767949071143783,0.24201973126170984,3.7018580885728074,-0.7631887538307909,-0.03774743936713372,0.056518188222213106,-0.9174874197015743,-1.3802004453918184,-1.188502032657314,-0.020919091494431514,0.0
370,2021-08-10,-0.829333438966898,0.18190602282674648,1.2687471463223854,-1.990118857265438,-1.5655523799228177,-1.0304147780455764,-0.3230999566710482,-0.9153670245845413,-0.5481283890795339,0.6277985888262663,-0.6657372802617157,-1.8454672422372715,-0.8829013086708178,0.26906878653088645,0.24201973126170956,3.313389286127025,0.13834278393648317,1.0459074546572762,0.17801580066032255,-0.6134021834606798,-1.4274672625198972,-1.0109266922531441,0.23788437419719335,0.011009285508369396
371,2021-08-11,0.620111733377437,1.4381552056050149,1.2687471463223854,-1.8719661943524883,-1.5196155353265524,-0.8418111061766399,0.7498958266975978,0.12816502645058775,0.05665740787781684,1.899197790610799,-0.41839313424157304,-1.837543676172498,0.3184547572409884,-0.11147198385071715,-0.6194566840969378,2.7622824931078234,0.9947977448154001,1.670386546128981,1.119622297055671,-0.3014582814936204,-1.438554483141261,-0.5739264092049318,0.8263477535637113,-0.0036563112031105433
372,2021-08-12,-1.0146511248143935,1.0699127093779348,0.8321343501203249,-1.7065286430862248,-1.4463759382599792,-0.8480110226139725,0.34766070901373003,-0.21967899056112705,0.07783612924650885,0.9517844858061425,-0.5380402746181111,-1.790002279783971,0.08020887307737005,-0.33667187185913733,-0.6194566840969373,2.173185443103751,0.9947977448154064,0.9540722941467507,0.6133822452302148,-0.14774274309251684,-1.4459633782874026,-0.37696856782555416,0.9441950533583107,-0.00366972888896229
373,2021-08-13,-1.2858699504268674,0.7169509113828779,0.16204904661951258,-1.5392348108865157,-1.367745525187941,-0.7767799878380794,0.6315209299284766,-0.45157500190225397,-0.13591842520079622,0.23836099548693224,-0.6337579869193412,-1.7186901852011587,-0.13191837764180803,0.06329953796027571,-1.239722628591823,1.5322079198991252,0.7694148603735982,0.2836756224197946,0.056518188222213106,0.008233317932145053,-1.4753180814293358,-0.3337488105923073,0.8124388320598714,0.0
374,2021-08-16,-1.1885020406873603,0.7169509113828779,-0.3071106398512566,-1.3769601484574965,-1.285516628174389,-0.9751962583518495,0.2852158744929388,-0.3066399948140442,-0.03312426827912012,0.009280058228469513,-0.7103321567603254,-1.655301656683111,-0.32052825636417404,-0.18604587150600066,-1.239722628591823,0.9170854632823481,0.18341936082486263,-0.4601891777156238,-0.06497942421589635,-0.14831408397538356,-1.475023470612135,-0.2909402119382028,0.7064293474007094,0.0
375,2021-08-17,-0.5175482925946877,0.7169509113828767,-0.3071106398512566,-1.2387377727823663,-1.2012993574740791,-0.7828317197209148,-0.1023656019199754,-0.3066399948140442,0.444190624482223,0.3529014641162023,-0.7715914926331126,-1.552295297841257,-0.008623636625552895,-0.40744962006527563,-0.6362565581569992,0.4437729876543752,-0.38003785027968023,-0.9331402543449182,-0.1257282304349511,0.1659360512190777,-1.455170197144165,-0.25026181236619494,0.6184898255646342,0.010969031370573937
376,2021-08-18,-0.006135595680396887,1.4381552056050149,1.2687471463223854,-1.077221572030224,-1.0797629960342494,-0.5308723898996762,0.39181725139004236,1.3704650872066866,1.280806137795226,1.3212890625268852,-0.34431527554236824,-1.3898621935137423,0.5627204244080621,-0.7174527230223533,0.3395927866515622,0.2082362500536798,0.02565134171559553,0.11378057547528062,0.7348798576683242,0.6390442510798473,-1.4191145573606965,0.0705627424917153,0.9600242644498569,-0.007299302481611608
377,2021-08-19,-0.7522246548378768,0.7980698461779127,-0.5836896734528633,-0.8982426758792984,-0.9634181586281472,-0.3738132178021888,-0.43179368254034806,0.3766250386018058,0.8365269120583007,0.5715696314992624,-0.3200167590624247,-1.2195055231214715,0.24281374561651925,-0.9028505704103773,0.3395927866515628,0.11324115329144817,0.02565134171559553,0.17806518783265862,0.056518188222213106,0.6437342951924707,-1.345617605905122,0.07456805767853697,0.7674470035232278,0.007299302481611535
378,2021-08-20,-0.22210678940263628,1.4381552056050149,0.6518473185371195,-0.676200763712848,-0.8291867000308755,-0.30722767491336234,0.11294398463930076,1.3704650872066866,1.1520193289630511,1.0630523696173866,-0.14181671728214737,-1.0491488527292008,0.35653828466034554,-1.0865814432186383,0.7410144547977835,0.14985986395550022,0.7694148603735994,1.0734580028104577,0.6741310514492695,0.7996674053535605,-1.2817359578714613,0.2645420922326973,0.886806482135522,-0.0036429912785009805
379,2021-08-23,-0.9603884814730382,1.127288351811378,-0.1789662331539524,-0.44460345175773375,-0.7014752550501048,-0.29824018675365277,0.018683148505517763,0.8735450629042573,0.9637832238560806,0.7947004145431515,-0.4755403696468996,-0.9144482296283319,0.16621478452876073,-1.1740627965687878,0.7410144547977832,0.2506391938644685,0.49895539904341984,0.3846942989813863,0.17801580066032255,0.48134151779292406,-1.230791445792116,0.2753425965470492,0.7188634329033556,-0.0036563112031105433
380,2021-08-24,-1.0443668396874095,0.8285282423521722,-0.9450235984655954,-0.2693731106900618,-0.5952046537967298,-0.5890016128326244,-0.18623053561916197,0.3766250386018058,0.5738657687583867,-0.06708025419102921,-0.5837580629423722,-0.8114418707865044,-0.05527041878102663,-0.6800380517354492,-0.3193434402089209,0.23816103251896803,0.49895539904341984,0.19184046190924345,-0.24722584287306057,0.32363878450599143,-1.2204785858705307,0.1773766593179931,0.42459467798735473,-0.00366972888896229
381,2021-08-25,-1.112658796415284,0.3637897423802649,-1.1954943895615502,-0.17219937421212292,-0.5184866054219328,-0.7057895303752993,-0.33820439284419873,-0.12029498570062334,-0.15585193622780938,-1.6401026900324536,-0.8290934461750795,-0.7876711725922277,-0.2106850835423875,-0.18337990945536786,-1.1702708272563378,0.05836143096496758,-0.5828824462773216,-1.2407880420552513,-0.6218434812238981,-0.30371880411717395,-1.1886835025921951,0.017978957957398543,0.09885936593827514,-0.0036832454162965163
382,2021-08-26,-1.0052871786629378,-0.2954192932777126,-1.1954943895615502,-0.1889037839346204,-0.47466182228796655,-0.6433492445427872,-0.7144429890622953,-0.6172150100030752,-0.6962950113104656,-1.2905052596944986,-0.8666005241649162,-0.7639004743979599,-0.3928058842881437,0.22595901048108777,-0.7051581576889853,-0.13169957666080842,-1.3942608302678838,-1.957102294037506,-0.7433410936620075,-0.3048614858829216,-1.2079731873671877,-0.171541339247101,-0.20601675621036464,0.003683245416296589
383,2021-08-27,-0.9526667655641237,0.2846557554757659,-0.35349020902309747,-0.2904390848825695,-0.4391918226168802,-0.6448733287229863,-0.45695918214878806,-0.4515750019022564,-0.7996825679582508,-0.8154113159019482,-1.0553674151531076,-0.7163590780094241,-0.5189414847820332,0.01117265875399652,-0.7051581576889856,-0.3114808112517129,-1.5971054262655167,-1.4749677013571372,-0.3180994501286244,0.008233317932145053,-1.2079731873671877,-0.18212257194666187,-0.18683174603448066,-0.0036832454162965163
384,2021-08-30,-0.34927431721009483,-1.0280593659129353,-0.8650459402960704,-0.45379961098081345,-0.42142184098279084,-0.6777877808977282,-0.8152143376340157,-1.0313150302551193,-1.2597171223446009,-0.9479510010300888,-1.0476196993473386,-0.6925883798151387,-0.6676758128185809,0.4268262702635025,-0.06529351452172064,-0.38820766503276927,-1.3266459649353375,-0.6760018049154098,-0.43959706256673386,-0.14888962589417074,-1.2296376839337917,-0.27290317798661984,-0.2893972019337608,0.014652276786870415
385,2021-08-31,0.25494317922746706,1.4381552056050149,1.2687471463223854,-0.5285087487800045,-0.3642905366045879,-0.10403580949122897,-0.4509921068857494,1.2876450831562791,0.3504038180075628,0.8797876198105852,-0.565137840913749,-0.6014673700704539,0.557765097361763,-0.061440770302695256,-0.44411276625579527,-0.4553099338309702,0.02565134171558342,1.2249860176528498,0.9879998835810523,0.47960214941107826,-1.2297266437531318,0.06387058983934803,0.25716403951554273,0.010850016024065623
386,2021-09-01,0.8818783396854498,1.4381552056050149,1.2687471463223854,-0.4383189850223272,-0.24816687378320296,0.7142457449509613,0.22459442106441566,1.867385111509116,1.912911852585156,1.8132924391388388,-0.3379135827632067,-0.5222317094228768,1.5539289246429318,-0.3931344864462513,0.5887551498239151,-0.3778299465296371,1.0398743217037665,2.010176640017992,1.7878591654652731,0.4744599439767578,-1.306042202636347,0.5498458660724717,0.9137771743573414,-0.0036036075032985443
387,2021-09-02,-0.673290102227393,1.03128700093459,0.8000629610799108,-0.2342386262155427,-0.11469462305421718,0.029178598435171465,0.10197200702824315,1.4325800902444892,1.6443754704427564,1.0925611005184477,-0.4736566334354179,-0.4113017845162757,1.1672741258526063,-0.5877264113613326,0.5887551498239151,-0.23290839895722187,1.9526750036931457,2.347670854894255,1.0993726949826528,0.6344229255622785,-1.2441393203750715,0.7270073945294763,0.9850329781327692,0.01077209698191104
388,2021-09-03,-0.17461670707748697,1.4381552056050149,1.2687471463223854,0.08847713377821985,0.05863594359338495,0.5915794834594692,0.8769100860407616,1.867385111509116,1.7874370953337804,1.0050808671274645,-0.26472861678053533,-0.28848651051254953,1.5896101700452945,-0.8284548157027793,1.0926857463660262,6.430324698289599e-05,1.9526750036931457,1.5624802325291036,1.6461119509541453,0.7852776946731725,-1.2904918989504186,1.0873648643443983,1.3113822200428598,0.0
389,2021-09-06,-0.6743021845163034,1.4381552056050149,1.2687471463223854,0.41892519146452833,0.24520660893380664,0.9286912857310284,0.4679410484280207,1.5511632778621016,1.588025161164495,0.9665111174870074,-0.25634743205295113,-0.15378588741168944,1.5719691090639416,-0.9987004571273618,1.2969076770505157,0.28547615224175915,1.829738884906696,1.0152261623958097,1.1499967001651983,0.9440896840800973,-1.3176437661028548,1.2593835673089013,1.295555753994019,0.0035650661644961446
390,2021-09-07,0.07313631769305708,1.4381552056050149,1.2687471463223854,0.6814245164172724,0.43964967617450973,0.9430156863324283,2.3296833775658095,1.3322404699526424,1.3735501420767793,1.0401442758915114,0.06787997292176819,0.008647216915834121,1.8145801562772161,-1.1890450780176256,1.632562720616545,0.6179532854213813,1.6982655356489633,0.8778212820864684,0.9070014752889793,1.2606125331924214,-1.3367822007059131,1.4044171190386705,1.2432195497027037,0.007092228309491837
391,2021-09-08,-0.24868574837332139,1.4381552056050149,1.2687471463223854,0.9095429762464763,0.6497868622321288,1.6593137134049947,2.1652131599034257,1.6189250993579014,1.3505100621372728,1.2729200669767176,0.16850066830521399,0.22258350066426263,1.6705869054137312,-1.3228597757482654,1.7712635276722506,0.9653228497483055,1.529228372317602,0.7404164017771404,1.1398718991286891,1.7365857000215665,-1.4419436665534013,1.6211730960590498,1.3068007819896368,0.0
392,2021-09-09,-0.5734898738263684,1.4381552056050149,1.2687471463223854,1.091947076541444,0.8538160827653903,1.638823753597955,0.8158463117779564,1.6189250993579014,1.1412398256919036,1.0068905914507882,0.09023599601564114,0.46029048260697664,1.2153331977944377,-1.4194795745837108,1.77126352767225,1.2919338941032876,1.483127327772691,0.797117656183281,0.8361278680334154,1.9006661173752515,-1.4869162575795873,1.682935589896535,1.1297859510013015,0.0
393,2021-09-10,0.7788845459271898,1.4381552056050149,1.2687471463223854,1.2426305899000176,1.0381410269652869,1.8767909375745042,1.1400496274301015,1.0489286008933334,1.138633755706164,1.1088685570690668,0.3451467153766418,0.6742267663554139,1.87705617923987,-1.5279182995018408,2.1222224557372504,1.6268896119137606,1.1826168151835998,0.45621440883353276,0.4716350307190871,1.7365857000215665,-1.4745848847557839,1.6483058688943635,0.8464530292394129,-0.0035398267051241737
394,2021-09-13,-0.03596318147999377,1.0438478237792153,-1.1954943895615502,1.3449910249684436,1.1827932590402774,1.1526218058171325,0.010109030510416213,0.844314473239383,0.7454923176570672,0.23478160584226967,0.2315528336727833,0.8960866161685984,1.4048376534577722,-1.0879610743095496,1.3464129459272158,1.8379634532275813,0.6003776970422257,-0.23289715545203724,-0.004230617996841628,1.742963384088319,-1.4161745098764917,1.4625320692279538,0.3975664781034237,-0.014285957247476541
395,2021-09-14,0.40518408564220876,-0.24389363903650224,-1.1954943895615502,1.3704602791683878,1.2408628775806674,0.4190063982769612,-0.3156368895550267,0.025857962623600354,0.32241120502269277,-1.2277570029672065,0.6169614140986777,0.9792840598485536,0.8180645094740709,0.16051783086554558,-0.44040503960964916,1.7364517407619497,-0.5828824462773343,-1.5606805178336565,-1.3204547527430275,0.4744599439767578,-1.3190402005170176,0.9103516343233108,-0.5002536505426134,-0.0036036075032985443
396,2021-09-15,-0.31885940904594895,-0.5751268957991833,-1.1954943895615502,1.3006248299767673,1.2264148527133263,0.1484826143197704,-0.62076831300279,-0.17875616503034084,-0.20767198891300503,-1.516398983912816,0.4490045926504193,0.979284059848536,0.49383800463553806,0.8377609124546083,-1.2783265972952784,1.3748784074156872,-1.2112226089636198,-1.7373936297251527,-1.4419523651811368,-0.1454984832216553,-1.2934452906768505,0.44421000689478735,-1.0920108369614434,-0.0036166404701885504
397,2021-09-16,0.22743953712926282,-0.8407371046701518,-1.1954943895615502,1.1440655452401676,1.152730810165582,-0.49551394363973855,-0.8067395774225944,-0.3833702926842907,-0.38974545333528954,-0.9903458498084254,0.31463913549181216,0.9792840598485448,0.21008350883729796,0.46938288202042405,-1.2783265972952789,0.9101367640973694,-1.8122436341418056,-1.8563619058410814,-1.3913283599985913,-0.1460534716734772,-1.233212431761428,0.050559598377278595,-1.4588360683410995,0.003616640470188515
398,2021-09-17,-0.41712927813101325,-1.0337611315909403,-0.7807841269633969,0.9390358246899035,1.056457907641636,-0.16206205917546193,-0.7341539724166128,-0.17875616503034084,-0.5633461347982361,-0.7085068785146916,0.048385541168597376,0.9396662295247474,-0.00016977908482948854,0.19642617739031837,-1.2783265972952789,0.4306963212682742,-1.6432064708104368,-1.114375552170659,-0.6724674864064437,-0.44966783264739,-1.2051467230426298,-0.0931596549015428,-1.3848339272664596,-0.010889399799268206
399,2021-09-22,-0.04662500517810917,-1.4052597260763453,-1.1954943895615502,0.6887564802080127,0.9125075533986411,-0.31253610773322965,-0.8384168909737769,-1.3625950464567305,-1.3576516493287971,-1.2526399323590436,0.1529051229026771,0.8485452197800627,-0.25734532096002816,1.3232200332702284,-0.10085999587715752,0.13587529925828204,-1.6432064708104361,-0.9383581611921182,-1.2192067423779362,-0.9075689832269204,-1.2051467230426298,-0.457133219761067,-1.64946203709118,0.0036429912785010087
400,2021-09-23,-0.33926186928111624,-1.0899302634759418,0.3677524434829293,0.4629169400510271,0.7582942410270429,-0.0998626752734833,-0.6739899292292718,-1.1141350343055167,-0.9534407478609591,-0.6960480906988687,0.07775955969361144,0.7534624270029735,0.30942554106889636,0.88964996328163,-1.0561750325938932,-0.16480317908839423,-1.1924407019267957,-0.36438840800122013,-0.4294722615302247,-0.904309900304656,-1.1577270014869434,-0.5605997513504164,-1.4781529698694653,-0.007299302481611608
401,2021-09-24,-0.5628245541617973,-1.4052597260763453,-1.0864763734210916,0.24673443173239762,0.5809099619095804,-0.283518585467653,-0.6393663458898242,-1.6110550586079557,-1.134850600439722,-0.9070436908053499,0.017643109126358893,0.5751821905459469,0.04673649192827148,1.0028704433563573,-0.6855925070369558,-0.3957775221979416,-1.3614778652581647,-0.7891260253624914,-0.864838706100117,-1.501923597995657,-1.1264113510614628,-0.7852906974738304,-1.5193364185099507,-0.00366972888896229
402,2021-09-27,-0.05944296618774606,-1.4052597260763453,-1.1954943895615502,0.024109905438302673,0.3868915702838838,-0.7263089587291639,-0.6494823681404971,-1.3936525479756343,-1.2131251365591813,-1.18703150301012,-0.030450051327436202,0.3850166049917774,-0.18255107308671778,1.5969608958348667,-0.04520943494730472,-0.4891325468849987,-1.29122865452305,-0.8037361645346193,-0.9255875123191718,-1.6529392895884334,-1.0897152396629173,-0.9789653885270169,-1.5066813986982632,0.007326040092072881
403,2021-09-28,-0.18557656191594646,-0.8332435174927927,1.2687471463223854,-0.14557335470431523,0.21856376945916828,-0.38179978587487995,-0.293546815389071,-0.9588475267110004,-0.818421783885627,-0.4095085301971636,-0.06892457969047922,0.22258350066425384,0.0005591918165814318,1.1250153876264528,-0.5493300877899097,-0.570150033800524,-1.0658457700812247,-0.442060678497956,-0.06497942421589635,-1.3509079064028757,-1.028752973587491,-0.8621591183505682,-1.04007145119874,0.0036429912785010087
404,2021-09-29,0.09435945605368797,-0.5684084140202702,1.2687471463223854,-0.28284605871914936,0.08826295963838149,-0.34471522962539725,-0.23036677004826236,-0.7414450160786878,-0.6213831698951473,0.4337535596191584,0.059057026215408565,0.09976822666054525,0.11936818162057226,0.6525810813754092,-1.0269933413403134,-0.700318961619869,-0.16431423231394388,0.7231724620059564,0.4311358265730506,-1.0526251396752915,-0.8992116331461406,-0.657241094760407,-0.5372368192675092,-0.007299302481611608
405,2021-09-30,-0.2727030379236297,-1.006958769187636,0.1634241091908266,-0.39292118195730524,-0.03512446520741285,-0.41760541771623794,-0.2000056386985118,-1.1762500373433218,-0.7410408005859228,-0.4665034268467403,0.002681082343796706,0.02449434904534604,-0.11829161783167401,0.3052766160537407,-1.0269933413403134,-0.8449391202824408,0.18341936082486204,0.7599065262101684,-0.24722584287306057,-0.7604256878368566,-0.955061403005236,-0.691297800130955,-0.4863227083469432,0.007299302481611535
406,2021-10-08,0.19914143665401235,-0.48700802403195365,1.2687471463223854,-0.440844038861196,-0.12157947058944048,-0.036837443244291924,-0.13067795106759755,-0.7414450160786878,-0.3976165657041335,1.0713825855176653,-0.042419672753493,-0.003238132181299819,0.054160185283504185,0.0019979722976550492,-1.0299675903780174,-0.9855130540964375,0.5891085528201379,0.8294388620252947,0.49188463279210537,-0.3003402612790947,-0.997269741978457,-0.4906638501857287,-0.10053650217813219,0.010850016024065623
407,2021-10-11,0.622591247586106,0.4140352138457609,1.2687471463223854,-0.41085502896250264,-0.14271176097739477,0.420539179782566,0.6766857040855234,0.26195118683969554,0.3069131563534348,1.7273870876668809,0.23902218036132722,0.04034148117485796,0.8534262387941827,-0.3390810910830846,0.09514189116975832,-0.9663687818525832,0.8466889921822134,0.8897876817893607,1.291743914676326,0.31792491735792006,-0.9885850644143548,-0.06259574124209133,0.5424784861326838,-0.0036036075032985443
408,2021-10-12,0.029341471911528708,1.007204432247634,0.6883302518065492,-0.3290385933916034,-0.13423485257752418,0.2735634832350303,0.6397901574759878,-0.00562113393853534,0.5204745075152984,1.0401442758915134,-0.012108022935790892,0.04430326420721835,0.5752214324253142,-0.5229526021215194,0.09514189116975771,-0.8672984267011606,1.2716967171296418,1.2256419830850618,0.6133822452302148,0.008233317932145053,-0.9984605125170543,0.10648746005378058,0.6761168332615801,-0.007246408520767198
409,2021-10-13,-0.8295108592645223,0.1988814717341003,-0.33258648323075635,-0.22008927416770457,-0.13193781894049564,-0.013508783657926411,0.0051443684570249126,0.1281650264505801,0.19705896654547916,0.1967099159853706,-0.21301218557348522,0.0720357454338818,0.3243674073269007,-0.18803546501227025,-0.5299176081492332,-0.8167468742397053,0.7694148603735786,0.23119838784230748,-0.18647703665400583,0.16420937895680218,-1.0353694971753904,0.01720185967841784,0.4031596998334327,-0.0036429912785009805
410,2021-10-14,-0.908745190998578,-0.17998624166821764,-0.7791251052427511,-0.1412420429728524,-0.14491905297116603,0.05393967853883411,-0.4058001644551363,-0.3066399948140442,-0.17291591317262778,-0.4161559681086827,-0.37373551568364777,0.05618861330437867,0.09854069292631963,0.12165493995379754,-1.098279369429175,-0.868920131086574,-0.1643142323139525,-1.0689250988140895,-0.4902210677492794,-0.1471755574160576,-1.075867601433002,-0.1299088337095407,0.09977640827002228,0.0
411,2021-10-15,-0.6639654856985634,-0.17998624166821764,-1.1954943895615493,-0.14354118499231516,-0.16545199515315062,-0.2124210719061053,-0.1997307396085521,-0.3066399948140442,-0.27274820668935257,-0.8306833783858271,-0.6610754083681001,0.08392109453101573,-0.06474687163802502,-0.07216582382677537,-1.098279369429175,-0.969244963552231,-1.1302408799217523,-1.8613313409336396,-0.5509698739683343,0.1647807198396784,-1.0568090623520383,-0.21109512177737888,-0.04600459236911005,0.0036429912785010087
412,2021-10-18,-0.3145952039616711,0.2955342308703662,-0.3513449814278222,-0.20971996874177015,-0.17606408702327872,-0.3464410113104472,-0.26726614460764686,0.1281650264505801,-0.19969916660547338,-0.7503041021548479,-0.7321860939193323,0.13938605698432505,-0.2531068176638104,0.25676649079487435,-0.8859679669794058,-1.0583628620448704,-1.1688779458260596,-1.1423932272225217,-0.18647703665400583,0.47960214941107826,-0.9839777090528788,-0.15446112774467996,0.04000145322941136,-0.0036429912785009805
413,2021-10-19,-0.7754640918518033,-0.13600656314696294,-1.0545109691576484,-0.29705969904617,-0.19122204693910017,-0.3357601065689404,-0.6862404537978758,-0.3066399948140442,-0.21992788662943752,-0.5733823256680357,-0.9478358709566477,0.1314624909195603,-0.387365330787343,0.047028106890975196,-0.8859679669794054,-1.1344880065926937,-1.056186503605147,-0.5723592666249301,-0.30797464909211525,0.008233317932145053,-0.8766158975820814,-0.20583303385639035,-0.04998983664964877,0.0
414,2021-10-20,-0.7776158592052552,-0.13600656314696435,-0.9005813110618313,-0.3843966482081552,-0.207119410034326,-0.5392538910756384,-0.523841015465577,-0.3066399948140442,-0.393247911407817,-0.9278692305561994,-0.9615944639901706,0.10769179272528362,-0.5434454204999242,0.3937605043520543,-0.31234935188200785,-1.123243246857661,-0.6054207347214933,0.04031244706685799,-0.1257282304349511,-0.1471755574160576,-0.7389967523840514,-0.2258178922453107,-0.07583593038077067,0.007272759329079657
415,2021-10-21,-0.013344278511945033,0.8671764478083878,1.2687471463223854,-0.42165305711650575,-0.19685123712691113,-0.31797413071494957,-0.016063942488402976,0.5629700477152044,0.25381647650222156,1.4819432263184396,-0.8138401098206663,0.14730962304907222,-0.2580824244927407,0.05021337916478889,-1.0777877760495949,-1.1677885341863816,0.20595764926905738,0.9678475682233422,0.5526334390111601,0.47787552365474517,-0.7100205812465663,-0.03713963513034451,0.21027501281352828,-0.0036297680505786127
416,2021-10-22,-0.6130878118778902,0.023913456667985042,0.04199175599771923,-0.4026041962759521,-0.182534538507943,-0.6928584383916344,-0.08290767953161865,-0.12029498570064584,0.3635476624186577,1.3212890625268827,-0.6956366264850632,0.1314624909195603,-0.01571589230510887,-0.24365316585462196,-0.8444025985012567,-1.2068395163534216,0.5440319759317803,0.9357052620446368,0.11726699444126783,0.008233317932145053,-0.6998636854191748,-0.013861557735871569,0.19598346144685072,0.0
417,2021-10-25,-0.8154666880205664,0.023913456667983425,-0.02679133371282204,-0.3545044172424379,-0.16564455058055189,-0.8702216938839262,-0.07958705012537633,-0.12029498570064584,0.046452416002327385,0.5247121670600201,-0.7598350684129098,0.04826504723961392,-0.2153135962932185,-0.4537629610793999,-0.844402598501257,-1.239899446322295,0.7694148603735866,0.7887690052277511,0.056518188222213106,-0.45296208552925593,-0.6996885832925882,0.002833399131914314,0.1748713598691535,-0.007299302481611608
418,2021-10-26,-0.17059284968703503,-1.2454419862094233,-1.1954943895615502,-0.34012122110409276,-0.17181548459245163,-1.030982696151232,-0.5602133383941802,-1.1141350343055265,-0.9397466599633911,-1.0903084406121972,-0.8111938219551802,-0.04285596250508841,-0.3929823576019583,-0.03830888587265084,-0.9650612553406069,-1.2828803658863985,-0.5828824462773345,-1.3693572667700238,-0.5610946750048434,-0.6089138404903345,-0.7176200054893564,-0.17399876387927748,-0.1265523787073623,0.0
419,2021-10-27,-0.6596820527987795,-1.4052597260763453,-1.1954943895615502,-0.40989431212605043,-0.19059517225262934,-1.053897735719017,-0.4269480879315192,-1.1141350343055265,-1.39676574394749,-1.1688504762435927,-0.8522808247889965,-0.09039735889361537,-0.5509132150287487,0.3368322359712343,-0.3472725292835549,-1.247148973589524,-0.9885716382726156,-1.488742975433732,-0.5003458687857886,-0.3025844327642697,-0.7401777812352452,-0.27121055863499904,-0.2506291901760464,-0.00366972888896229
420,2021-10-28,-0.6868273583352797,-1.4052597260763453,-1.1954943895615502,-0.5805556641481846,-0.22704221453057163,-1.0073921435755573,-0.5629153609382695,-1.1762500373433118,-1.6759388620274875,-1.2277570029672038,-0.8851504270560495,-0.13397697224978194,-0.6911113277693589,0.6754166705003828,0.161429210083673,-1.108082676622449,-1.4393374071562508,-1.4152748470252874,-0.7433410936620075,-0.30371880411717395,-0.8022179660299414,-0.4104343401292043,-0.4116589385434434,0.0036697288889624017
421,2021-10-29,-0.7735526721921773,-0.5185093022713044,0.24459583723270123,-0.7855009302836473,-0.25844302638340855,-0.6576898108135659,-0.6485727828101634,-0.6172150100030752,-1.1435092278711243,-0.605621404938976,-1.0702073374660215,-0.14982410437930266,-0.7885600836903875,0.41929548227367475,0.1614292100836724,-0.9276468402903387,-0.8984184844958801,-0.2948858887966479,-0.18647703665400583,-0.14774274309251684,-0.8022179660299414,-0.38011578856947936,-0.2912124130546613,0.007299302481611535
422,2021-11-01,0.26259060584919913,1.248014454569175,1.2687471463223854,-0.8970881547287867,-0.258948432124573,-0.18836353186010915,-0.20845306792728513,0.7079050548034256,-0.12407763433051446,0.5132581201970423,-0.9007304086013472,-0.15774767044405863,0.06104941989454848,0.05511128462359898,-1.0761145129773027,-0.9016198068376963,0.18341936082486146,1.211210743576277,0.5526334390111601,0.008233317932145053,-0.7401777812352452,-0.15425204648231322,0.09264594146100841,-0.010969031370573933
423,2021-11-02,0.5840018958570389,-0.8661535059883726,-0.43692966649912257,-0.9699504236975707,-0.2762113106032751,-0.23135577808761665,-0.49799572378701246,-1.0313150302550975,-0.9883826971082881,-0.4030656288368053,-0.6063876369132781,-0.19736550076784723,-0.24324840061989708,0.3102518941710779,-0.8516182511865668,-0.9273300465344677,0.2961108030457745,0.7107091187938133,-0.3788482563476791,-0.30371880411717395,-0.7946674776471433,-0.29216589363357354,-0.13511289678806196,0.0
424,2021-11-03,-0.5422376816960945,-0.8661535059883726,-0.43692966649912257,-1.01198427029788,-0.3011865812165728,-0.424926563868869,-0.3105487037641342,-1.0313150302550975,-1.192659175395683,-0.9479510010300367,-0.6884358767554748,-0.23698333109162703,-0.42013989200909907,0.02936784455859942,-0.8516182511865665,-0.977338059087326,0.09326620704814177,-0.06529798752027884,-0.3180994501286244,-0.30371880411717395,-0.8510718432653883,-0.3606614698034348,-0.2152574641762082,-0.0036832454162965163
425,2021-11-04,-0.5375644485365059,-1.4052597260763453,-0.8972839443791493,-1.0622900173097232,-0.34009834305206155,-0.37135782677481527,-0.4699086508075119,-1.6110550586079557,-1.1393392662598867,-0.9278692305561688,-0.7540744686292322,-0.3320661238687161,-0.5769709377065938,-0.21966244443110086,-0.8516182511865668,-1.035660607786934,-1.2590310996027794,-1.9571022940374878,-0.5610946750048434,-0.7659956806322876,-0.9177383467243069,-0.4785973868262338,-0.3520629859806323,0.0
426,2021-11-05,-0.8495943125606116,-1.4052597260763453,-1.1954943895615502,-1.1742739325401819,-0.38341665251031815,-0.5701361366712331,-0.3284271661711515,-1.6110550586079557,-1.1036339699635083,-0.9951517435970515,-0.9653465707245605,-0.39545465238676375,-0.6856287310074886,-0.3921989568694485,-0.8516182511865661,-1.0934642423818541,-1.5971054262655173,-1.8055742791951035,-0.5003458687857886,-0.6134021834606798,-0.9970302523594042,-0.5268235989319795,-0.3590164182504163,0.0
427,2021-11-08,-0.9070129396198039,-1.4052597260763453,-1.1954943895615502,-1.2763819525728308,-0.4249272824543287,-0.4018370717209481,-0.4667814770957088,-1.6110550586079557,-0.9529329952507389,-0.7270515258165072,-1.1343642524008233,-0.466766746969585,-0.7852660440004623,-0.5504119480437707,-0.8516182511865661,-1.1462844608339815,-1.9351797529282548,-1.598945168046387,-0.3788482563476791,-0.6134021834606798,-1.0081330075273711,-0.530797738302974,-0.2995173690699519,0.0
428,2021-11-09,-1.0067310128091207,-1.4052597260763453,-1.1954943895615502,-1.348362659968845,-0.4608256895998552,-0.1554811262393434,-0.6898219085375125,-1.6110550586079557,-0.83820442834372,-0.6467244439207525,-1.2695783977418336,-0.4905374451638529,-0.8765058155367513,-0.6952905756903837,-0.8516182511865664,-1.1922502654620606,-1.9351797529282548,-1.323439686514749,-0.1257282304349511,-0.3048614858829216,-1.0259293264015081,-0.5078514319828539,-0.21233823186943615,-0.0036968618813260916
429,2021-11-10,-0.45707943480294166,-1.4052597260763453,-1.1954943895615502,-1.408794513522984,-0.5013442193878622,-0.5820372182883012,-0.6426673319054271,-1.6110550586079557,-1.0776201112332924,-1.6658742954740535,-1.2189884854183193,-0.5341170585200107,-0.9850013306813055,-0.14529265571647249,0.11399138415061937,-1.1055110367023646,-1.9351797529282548,-1.18568694574893,-0.3788482563476791,-0.461408887790455,-1.1086784243825645,-0.5640503887235663,-0.25895857610229045,0.011049836186584935
430,2021-11-11,-0.07319872019911079,1.0955761700927618,1.2687471463223854,-1.4070194669717409,-0.502975906968638,-0.6024640340033871,-0.4216827308295304,0.1281650264505801,-0.2590137907665902,1.4267183575153786,-1.0197553269631854,-0.5143081433581119,-0.557330034589631,-0.4413044592971324,-1.161648967818606,-1.1238818211548072,-0.5828824462773337,0.7428514249724932,0.6842558524857787,0.1653562617584561,-1.1126195069807487,-0.2879851777313046,0.19225793061846308,-0.00366972888896229
431,2021-11-12,-0.7560955636958941,0.4340285572859515,0.6071384199210915,-1.358825064474972,-0.4910432186422684,-0.5519419383755121,-0.39712817802604744,-0.2196789905611209,-0.1520302344788395,1.0401442758914985,-1.0191300287954008,-0.5341170585200194,-0.7052822523777468,-0.6442189541866313,-1.161648967818606,-1.194380507494876,0.3186490914899537,1.4775327090568542,0.2488894079158864,-0.14831408397538356,-1.1296691473741336,-0.20086463183509534,0.2754344519887007,0.0
432,2021-11-15,-0.8318068352342697,0.4340285572859499,0.6071384199210912,-1.275413870118214,-0.46949287594070915,-0.8166494140441944,-0.39686676420073375,-0.2196789905611209,-0.061285561533561246,0.6965228700038703,-1.0186297902611732,-0.5975055870380759,-0.8349407628096067,-0.822043873243161,-1.1616489678186057,-1.2857200673416873,1.220180629257241,1.8448733510990363,0.17801580066032255,-0.45799330811247235,-1.1344716604105414,-0.13736365228610403,0.3072489028880791,0.0
433,2021-11-16,-0.8107864629280664,0.4340285572859499,0.6071384199210912,-1.1461619946385002,-0.4414070148583104,-1.1172999602301288,-0.39546965224221836,-0.2196789905611209,0.018279158896461523,0.5247121670600029,-1.0182295994337909,-0.5975055870380671,-0.9484872479124853,-0.9777713642911479,-1.1616489678186053,-1.3802364353166887,0.7694148603736074,0.4673459434408821,0.11726699444126783,0.008233317932145053,-1.1458021855035134,-0.0909294866634212,0.3076079090606093,0.0
434,2021-11-17,-0.5193373534283661,0.4340285572859499,0.6071384199210912,-1.0287127185673595,-0.40917210221975225,-0.9111743049743702,-0.3888092273346086,-0.2196789905611209,0.018279158896460056,0.4216257452936811,-1.0179094467718852,-0.6014673700704452,-1.0478575635042682,-1.1140564277850487,-1.161648967818606,-1.4686580018897464,0.7694148603736074,0.28367562241978894,0.056518188222213106,0.008233317932145053,-1.1547378745442585,-0.056851490583979335,0.2897284040553396,0.0
435,2021-11-19,-0.050386665084387446,1.4381552056050149,1.2687471463223854,-0.7259372885624155,-0.3143876436556206,-0.375568216562529,-0.13820968552979604,1.1716970774857138,2.0555374321062905,2.071008493554404,-1.0174484269387407,-0.4944992281962133,-0.6457983638295922,-1.3374377172881107,0.11517169589901616,-1.4473122803253997,0.9947977448154288,0.8806041657383205,0.6133822452302148,0.48134151779292406,-1.0928667455794192,0.1756642650775871,0.508268991116178,-0.0036563112031105433
436,2021-11-22,-0.4634045121128245,0.7372667092161105,-0.413455539272788,-0.4949362404440314,-0.25326296600792203,-0.5751538571012941,-0.1935213343400025,0.9977750689798287,1.4892100389938077,0.8192448006780767,-1.017284508775845,-0.43903426574293036,-0.7849700812253936,-1.4284543668510172,0.11517169589901585,-1.2654118768535483,0.9947977448154156,0.7887690052277571,0.17801580066032255,0.32363878450599143,-1.0579180425233983,0.20090590510682554,0.43726558026416945,0.0
437,2021-11-23,-0.8024477089397297,0.7372667092161093,-0.413455539272788,-0.2635045921290839,-0.19419218822912238,-0.7850214293949884,-0.19374833679007097,0.9977750689798287,0.8994331522602712,0.23836099548689785,-1.175914602841858,-0.3716839541924959,-0.8781031865649394,-1.4893623111518501,0.11517169589901556,-1.0562886517499874,1.220180629257214,0.9265217459935501,0.11726699444126783,0.32363878450599143,-1.0579180425233983,0.20934730256291845,0.3557622246823544,0.0
438,2021-11-24,-0.9570131258601092,0.7372667092161093,-0.413455539272788,-0.03368916930179499,-0.1390511605059116,-0.6373335817142279,-0.19260204589815832,0.9977750689798287,0.7756071847047099,0.10299498710686897,-1.3028186780946682,-0.2845247274801716,-0.9630622448312418,-1.544924525789376,0.11517169589901585,-0.8503475156182941,0.7694148603735671,0.19184046190920293,0.056518188222213106,0.48309377038499624,-1.0579180425233983,0.20726365681744044,0.2750850514350477,-0.007352974305258806
439,2021-11-25,-0.7860053047071988,-0.6172779153694986,-1.1954943895615502,0.011006256751422154,-0.11369930614557364,-0.7865382052703523,-0.3867631983419647,-0.741445016078707,-0.4899919873146502,-1.2594759019722166,-1.245580709700587,-0.2845247274801716,-1.0650815653259038,-0.8183273019095306,-0.5277571812376071,-0.7463731116872371,-0.1321166773937073,-1.002016624727847,-0.6218434812238981,-0.3048614858829216,-1.0777478194451173,0.01009584353736433,-0.07628000030425901,0.0
440,2021-11-26,-0.28972402460457053,-0.6172779153694986,-1.1954943895615502,-0.08666018271653649,-0.10724768686164038,-1.0132301460491102,-0.3801626424557095,-0.741445016078707,-1.2638793397414811,-1.3471202281702632,-1.199790334985322,-0.2567922462535257,-1.153431767433869,-0.18927208143958762,0.5404329609310282,-0.5641270456592185,-0.6955738884982585,-1.2545633161318441,-0.5610946750048434,-0.14888962589417074,-1.0990182496972747,-0.10749879950911113,-0.24037925539220736,0.0
441,2021-11-29,0.047479419875049396,-0.6172779153694986,-1.1954943895615502,-0.2741448674069268,-0.11191300473046865,-0.8471933251040311,-0.5886029163424356,-0.741445016078707,-1.4767107732158393,-1.0444922531603924,-1.3219192638094397,-0.22905976502687986,-1.2114791914535594,-0.3773821910504659,0.5404329609310279,-0.3568236880329971,-1.146339657381899,-1.3004808963871182,-0.3788482563476791,-0.14888962589417074,-1.0635653667554508,-0.17183077293980145,-0.29334899672046183,-0.0036968618813260916
442,2021-11-30,-0.35234464974976853,-1.4052597260763453,-1.1954943895615502,-0.5351999855083095,-0.13464556630572377,-1.0191300097046572,-0.5950442317306468,-1.6110550586079557,-1.7189962833740322,-0.9528598782570509,-1.4196224068687338,-0.21717441592974593,-1.2642708325666951,-0.5484602632309219,0.5404329609310276,-0.15365872103024086,-1.146339657381899,-0.88722267408967,-0.5610946750048434,-0.306012569720477,-1.1106293090091184,-0.295550477180154,-0.4230398493598996,0.00738010729762246
443,2021-12-01,-0.4908434788315993,0.38147004694537245,1.0332349733526591,-0.7210439716926077,-0.14124592062128175,-0.6460057540392287,-0.4369983410701266,0.1281650264505801,-0.5630933685595418,0.07175667748083533,-1.3390236927198391,-0.17755658560594853,-0.6745515638688938,-0.7551944416972433,-1.16661041264237,-0.19097545772469077,-0.582882446277334,0.10000530139869811,0.2488894079158864,0.008233317932145053,-1.1106293090091184,-0.16650393635190328,-0.1551619026145712,0.0
444,2021-12-02,-0.4986351140696269,0.3814700469453737,1.2687471463223854,-0.796523118172672,-0.136767689343299,-0.6441931240594414,-0.42993450458901544,0.1281650264505801,-0.2137990909250224,0.8683335729477376,-1.4333059499970462,-0.15378588741168944,-0.7835418050456554,-0.888795764813209,-1.16661041264237,-0.3479406769834737,0.3186490914899534,1.156109647269957,0.3096382141349412,0.008233317932145053,-1.0967494029551792,-0.07917342999708694,-0.00219271935542472,0.0
445,2021-12-03,-0.6953715003528858,0.3814700469453737,1.2687471463223854,-0.7802941615896501,-0.12499446613157524,-0.4769315542797583,-0.27825760953593404,0.1281650264505801,-0.18943264887429462,0.8683335729477233,-1.508731755818812,-0.17359480257357054,-0.8823749392117517,-1.009946404996429,-1.1666104126423702,-0.5531375531213019,1.670946398140874,2.4877194746728355,0.2488894079158864,-0.30371880411717395,-1.081913236369746,-0.020894615086852072,0.07746925641404372,0.0
446,2021-12-06,-0.1806463752218675,0.3814700469453737,1.2687471463223854,-0.6619428519617269,-0.10872672586747328,-0.6276867215517421,-0.27806436921104527,0.1281650264505801,0.12273365588782702,0.9665111174870347,-1.410311171879902,-0.17755658560594853,-0.3116401847126647,-1.1570928288595308,0.19457533060502769,-0.5893413691055539,1.670946398140874,1.569367869567393,0.17801580066032255,-0.14831408397538356,-1.0660749506740899,0.017263779064073476,0.11161670426652862,0.0036697288889624017
447,2021-12-07,0.5683251082782951,1.284772016690834,1.2687471463223854,-0.45775582757655586,-0.07759890690416645,-0.5889524749911512,0.1544355209079508,0.9977750689798287,0.8952373685942188,1.658662806489349,-1.331574704728774,-0.16170945347644541,0.17226723045580516,-1.2826513918157614,0.958173084408703,-0.43715937990874937,1.332872071478136,0.5362223138237631,0.4311358265730506,0.008233317932145053,-1.0497585973957178,0.1359914205546724,0.25739193538271815,-0.00366972888896229
448,2021-12-08,0.16490456316222823,0.3711096610364669,-1.1954943895615502,-0.23421618079131076,-0.05120362778797025,-0.5432697293749208,0.032375257574312234,0.1281650264505801,0.5376040262860304,0.8192448006779947,-1.2685855310078715,-0.17359480257357934,-0.09527250886082976,-1.3899255975248441,0.958173084408703,-0.20128520351318596,0.43134053371086206,-0.6117171925580238,-0.06497942421589635,-0.14831408397538356,-0.9913005233240318,0.10938149704716014,0.1603289575491113,0.007326040092072881
449,2021-12-09,0.7996505866737447,1.4381552056050149,1.2687471463223854,0.029294439672607652,-0.0039793365243668034,-0.17329181981965325,0.22222460126329757,1.867385111509116,1.0673407858824282,1.0713825855177137,-1.2181941920311496,-0.11020627405550527,-0.32411642493950465,-1.4816841130687417,0.9581730844087024,0.05803403358414732,0.8821063025944954,0.536222313823766,0.5526334390111601,0.48134151779292406,-1.0091623345056275,0.27932155483584703,0.3716570072365769,-0.0036563112031105433
450,2021-12-10,0.9180336247697714,0.7088957068887266,-0.3865774965774615,0.2888188934722156,0.040830338001335134,-0.3537455276597579,-0.23134519369647927,0.9977750689798287,1.0172606300382727,0.8339714323589091,-1.3366423494460946,-0.07058844373173427,-0.47090051910376746,-1.5405394709771338,0.9581730844087024,0.3081461190315803,0.7694148603735861,0.5591811039514033,0.11726699444126783,0.32363878450599143,-1.0061621461479109,0.27736396494671833,0.2879862116283772,-0.00366972888896229
451,2021-12-13,0.17770417034797298,0.050804768701609646,-1.1954943895615502,0.45217508503764126,0.06912276867764597,-0.6026377128988492,-0.41980995530061127,0.1281650264505801,0.5031043633711788,-0.2852525753895055,-1.2726396467817283,-0.05077952856983558,-0.6491140238448257,-0.7211417318995755,-1.1712276917999356,0.2564837455232629,0.318649091489939,-0.22141776038822739,-0.24722584287306057,0.1659360512190777,-1.0061621461479109,0.1715982403023812,0.06842523090207438,0.0
452,2021-12-14,0.04523151344406712,0.050804768701609646,-1.1954943895615495,0.5217099994052155,0.08571681481491387,-0.5938866550161058,-0.4176942816111425,0.1281650264505801,0.02796888479934551,-1.4633831098616406,-1.221437484650235,-0.003238132181299819,-0.8012669034035966,-0.02542692698454164,-0.1976837999440328,0.18155856876522106,-0.5828824462773351,-1.277522106259471,-0.24722584287306057,0.3248069529007094,-1.0061621461479109,0.10214761140875196,-0.05383113228516008,0.0
453,2021-12-15,0.02878036929539705,0.050804768701609646,-1.1954943895615502,0.4875297388721564,0.09421898985933276,-0.5847430870104335,-0.5892748627824363,0.1281650264505801,0.008995474074093767,-1.0215841594345803,-1.1804757549450406,0.008647216915834121,-0.9313287390485941,-0.3093906477812912,-0.19768379994403235,0.10088095579879261,-1.033648215160962,-1.369357266769996,-0.18647703665400583,0.008233317932145053,-1.0061621461479109,0.05769844165643149,-0.11487772297867774,0.0036697288889624017
454,2021-12-16,0.13248034827769808,0.7878701608491909,0.19040578881117448,0.4022766632931142,0.10971572734092841,-0.1565628681256822,-0.2750737878090415,0.9977750689798287,0.22231514006989017,-0.37252150386900146,-1.147706371180885,0.02845613207772402,-1.042630452265112,-0.5523954343835851,-0.19768379994403293,0.023854353988610553,-0.132116677393688,0.4673459434408655,0.11726699444126783,0.1653562617584561,-1.002148815818407,0.1247210868278332,0.00017690652280109064,-0.00366972888896229
455,2021-12-17,-0.23594469862570877,0.053782612962767394,-1.1954943895615502,0.31262344278198,0.11601298484818852,-0.5826696296726254,-0.623514367853147,0.1281650264505801,0.13302485274807319,-0.19689278530416515,-1.2802520927658898,0.04034148117487555,-1.1140825942987145,-0.7083967395330871,-0.1976837999440328,-0.04502160116551293,-0.132116677393688,0.2836756224197745,-0.1257282304349511,0.008233317932145053,-0.9897956731455584,0.06735629010443983,-0.09066054649847115,0.0036697288889624017
456,2021-12-20,-0.537313612943313,0.045299192641203884,0.9554288882083889,0.29776870955874324,0.12869500908342726,-0.27174619113073173,-0.29815533054928717,0.9977750689798287,0.37282828228991155,1.0401442758915533,-1.3862886700338939,0.07995931149863776,-1.1787969153089692,-0.8496873748049565,-0.1976837999440328,-0.10411653617641244,0.7694148603735861,1.2020272275252073,0.23876460687937728,0.1653562617584561,-0.9897956731455584,0.12614826629558024,0.007449472218850337,0.0
457,2021-12-21,0.3431394209705789,0.045299192641203884,0.9554288882083889,0.3713672139269149,0.1443336450365834,-0.26876934647400075,-0.006510396321779939,0.7079050548034083,0.6757139671808224,1.4267183575152724,-1.3123567032519674,0.09580644362815847,-0.5516918447980743,-1.021618814761129,-0.4499762693946115,-0.1861758486111593,0.7694148603735861,0.8346865854830342,0.17801580066032255,0.008233317932145053,-0.9897956731455584,0.15815338951156785,0.046554004585878626,0.0
458,2021-12-22,-0.019642262081796626,0.045299192641203884,0.9554288882083889,0.5268212798589078,0.1606061580381352,-0.26684290004083877,-0.004906921528525226,0.1281650264505801,1.3431343201793882,1.555576384723044,-1.2532111298264264,0.12353892485481313,-0.02183987566540659,-1.1678990344318472,0.5524477598385719,-0.14301432573380468,0.9947977448153994,0.7887690052277556,0.11726699444126783,0.1653562617584561,-0.9897956731455584,0.17256183793090848,0.05196604577208502,0.0
459,2021-12-23,-0.6401212464878097,0.045299192641203884,0.9554288882083889,0.6920553182355055,0.17600540085019967,-0.2671330989326845,0.012892639885968315,0.1281650264505801,0.3986663717043461,0.30381269184651166,-1.2058946710859935,0.10769179272528362,-0.2643487233048684,-0.3981170197572751,-0.9866260446221031,-0.23945016857573195,0.09326620704811238,-0.5887584024304098,0.056518188222213106,-0.14774274309251684,-0.9635885347460055,0.17570159505910457,0.0397278382256332,0.0
460,2021-12-24,-0.9096078207215094,0.045299192641203884,1.2687471463223854,0.8286848070261751,0.1896177836144193,-0.2673784072316487,-0.29829027016498366,0.1281650264505801,0.3194771252758235,0.13813808543635717,-1.1680415040936472,0.11165357575767039,-0.4712848060779307,-0.6311412449737447,-0.9866260446221027,-0.3992368434914212,-0.35749956183552783,-0.9560990444725805,0.056518188222213106,0.008233317932145053,-0.9329502477775861,0.17189259340133922,0.019720830524353455,0.0
461,2021-12-28,0.5017077194826763,1.4381552056050149,1.2687471463223854,0.9130792701202072,0.22223264743346577,-0.01732185078709705,0.1702170747990646,0.9977750689798672,1.1390344826698053,1.0401442758915191,-1.0817806979054099,0.17900388730811365,0.5393558694038815,-1.0034721803310251,0.7424708829212655,-0.5279338234253401,-0.13211667739370095,0.19184046190923323,0.3096382141349412,0.32247920558476717,-0.8063357989626964,0.2485246107230003,0.11596540655602848,-0.0036563112031105433
462,2021-12-29,-0.6577243115836161,-0.4164135080033777,-1.1954943895615502,0.926780709747772,0.23531963538780282,-0.18327119124410898,-0.07552062105300876,0.1281650264505801,0.2664292564926572,-0.33434134765918316,-1.0687503255491804,0.20277458550237273,0.22313614292534828,-1.1486924513247379,0.7424708829212652,-0.36462036225648725,-0.13211667739370095,0.10000530139868666,-0.06497942421589635,0.1653562617584561,-0.7923642233764245,0.1962650540882566,0.009476254118083801,0.0
463,2021-12-30,-0.4739736926998652,-0.4164135080033777,-1.1954943895615502,0.8852772103684114,0.24211860000561256,-0.18291054669723553,-0.065277415275749,0.1281650264505801,-0.16175287800872395,-1.021584159434683,-1.2170872562605262,0.21465993459950666,0.019763821199935402,-1.2420888500961784,0.7424708829212655,-0.15701324318028376,-0.13211667739370095,-0.08366501962240683,-0.06497942421589635,0.008233317932145053,-0.7768348981864647,0.15806906239664037,-0.0550380526621272,0.0
464,2021-12-31,-1.135725183089656,-0.4164135080033777,-1.1954943895615495,0.8343872730195591,0.24415922271162277,-0.0334136980098374,-0.052721389503495295,0.1281650264505801,-0.16175287800872035,-0.677962753546842,-1.335756800829603,0.24239241582616133,-0.1644928111555042,-1.3267065884676088,0.7424708829212658,0.05624516102610224,-0.5828824462773547,-0.7265111431962331,-0.06497942421589635,0.1653562617584561,-0.7596090920341342,0.13005197222850748,-0.09168392555418171,0.0
465,2022-01-04,-0.05444897810585153,-0.4164135080033777,-1.1954943895615495,0.7290233602800925,0.24266433471085525,-0.03395444585272207,-0.07347385007676122,0.1281650264505801,0.28030331448202306,0.14672862058366365,-1.2719312078885348,0.2503159818909085,0.3131275243909521,-1.4296227068152043,1.3641315643226777,0.3357464781504827,-0.5828824462773547,-0.5428408221751396,-0.06497942421589635,0.008233317932145053,-0.7404868458601428,0.10941848584572283,-0.11014484952487753,0.01092907053219023
466,2022-01-05,2.055722492465155,1.4381552056050149,1.2687471463223854,0.7710788255354135,0.27580911316535994,0.47407366224889413,0.7219736767672588,1.867385111509116,2.663328080785579,1.727387087666981,-1.0621095049393579,0.29785737827944425,1.2876498883233538,-1.5378606608819902,1.9929229325116493,0.7079236644587504,0.31864909148993265,0.9265217459935783,0.8563774701064337,0.47787552365474517,-0.8301252836576436,0.37737628333699963,0.2993889532761266,-0.0036297680505786127
467,2022-01-06,-0.13833119724269255,0.4061721897245506,-0.03859377813934366,0.9420591466646785,0.3147676903682452,0.4426196423237106,-0.16501620821114812,0.9977750689798577,1.9488375771181545,1.1505940134982853,-1.2117745997726683,0.32955164253846814,0.9729961085101376,-1.590676375633021,1.9929229325116486,1.097002646366285,0.8821063025944936,1.3627387584186745,0.4311358265730506,0.3213281217472118,-0.827818893657268,0.4303500865208233,0.3109348788434665,0.010850016024065623
468,2022-01-07,1.5888702579861798,1.4381552056050149,1.0613583397226511,1.2412934870473482,0.39115691986512224,0.6936341359445032,0.6933582987465892,1.3704650872066646,2.3398833022232766,1.3346769095095257,-0.8552229898503352,0.40482552015366735,2.315553338612992,-1.6836130487769168,2.421301394787172,1.518599957017254,1.5904525108402163,1.7759969807161178,1.220870307420762,0.7909703274698119,-0.9586890408760634,0.7286889227314589,0.6809205851985979,0.0
469,2022-01-10,0.6665617656820306,1.4381552056050149,1.0613583397226496,1.5882592031193221,0.48423825184709846,0.673403032509008,0.5797326599009657,0.9977750689798431,1.890461116577462,1.2285818210557315,-0.7287429305087982,0.4840611808012445,2.250293719307645,-1.7435817006802745,2.500376386813082,1.932645859968952,1.252378184177484,0.7756496965833991,0.9171262763254885,0.7909703274698119,-1.0292883965370458,0.8789898116104422,0.7592557391375093,0.00359066813072854
470,2022-01-11,0.048261642369500854,1.4381552056050149,1.2687471463223854,1.8325959471642328,0.592417177610158,0.9547023102426454,1.0082018670934227,1.4325800902444892,1.4678804759194797,0.9047782675115174,-0.6275588830355687,0.5870675396430808,1.6017117077643477,-1.7925315297668694,2.5003763868130813,2.3090393383433314,1.397267181318654,0.8314067583219434,0.9070014752889793,0.9475177293773451,-1.0809302236149152,1.0276178166159304,0.8194642977777888,-0.007194275634027085
471,2022-01-12,0.13990927699595213,-0.12821566531521142,-1.1954943895615502,1.9943788895272234,0.6761919101228103,0.6437326028231055,0.4565332360599478,0.5629700477152165,0.9074577663093196,0.3427949521782841,-0.38785041646065577,0.6266853699668606,0.978579837303053,-1.1267189277062295,1.204117888083882,2.467081702413156,0.7790741268496683,0.02850506928691263,-0.06497942421589635,0.4761615010061165,-1.0540641288869819,0.8854799390733148,0.4401313899179727,0.01077209698191104
472,2022-01-13,0.8716264180542592,0.9409025117196729,0.21190587310688327,2.08256310606749,0.7748110067323246,0.6786235089741857,0.30939583663833886,1.867385111509116,1.0781683723972397,0.9390791565127553,-0.35484487179705443,0.7336535118410836,0.5597626016202253,-1.2687287264105864,1.204117888083882,2.500819019260671,1.1171484535124008,0.7034934990394108,0.7855038628508699,1.1040651312848786,-1.0845147761526845,1.0458884252821503,0.58148512015625,-0.014388737452099669
473,2022-01-14,0.6640341819345965,-1.1752391639126687,-1.1954943895615502,2.077780420822161,0.824091214063472,0.6060436797425948,0.1500967316735184,0.12816502645057046,0.43407412386489996,-1.0215841594346144,-0.010917978873522029,0.7732713421648635,0.09804574578851201,-0.1452299021448071,-0.8209153197813679,2.205281527701485,0.22849593771321497,-0.4496937308001501,-0.7332162926254985,0.47787552365474517,-1.0533303391024698,0.7212530486073973,-0.018569663465733438,-0.007272759329079585
474,2022-01-17,-0.31026457551473596,-1.4052597260763453,-1.1954943895615502,1.962051113627936,0.8130050973104302,0.06826662851179956,-0.3995561510234674,-0.7414450160786829,-0.19134597370313539,-1.6614309152254472,-0.053298921727347875,0.7811949082296193,-0.16937559084293816,0.20659571498942067,-1.0495010677097714,1.7361734891631624,-0.3124229849471559,-0.9967689012701055,-1.2192067423779362,0.1647807198396784,-1.0073742023437506,0.3065434466649914,-0.6310454967450615,0.014493007302566606
475,2022-01-18,0.5248116877964464,-0.28357374311268563,-0.20203200678648336,1.8249268829040435,0.8129254254622629,0.7574994700890615,-0.1626838821027161,0.9977750689798431,0.2565192150716468,-0.40306562883673386,0.07155755258591363,0.8525070028124319,0.03437566570974686,-0.17350542765179383,-0.864094284889435,1.2408923173850457,-0.7631887538307991,-1.0571177210341771,0.23876460687937728,0.7909703274698119,-0.9824142021209549,0.42206577192784733,-0.3414504550147253,-0.0036036075032985443
476,2022-01-19,-0.18932423795640213,-0.5992261930283657,-0.23371026517115534,1.6618039816493855,0.8045363502091375,0.8156936775821515,-0.5034696800652563,0.5629700477152165,0.29535487554807216,-0.03554012514822726,-0.1460797251561217,0.8485452197800627,-0.17446434895156296,-0.39541105802352017,-0.864094284889435,0.7726886222623902,-0.35749956183551806,-0.07448150357134795,-0.004230617996841628,0.16307911764503255,-0.9399873936694038,0.38094387261797946,-0.3400812478799807,0.007194275634027231
477,2022-01-20,1.0824270773885938,-0.11597143963662973,0.32528327250948114,1.565206916107518,0.8137255215704492,1.258470930981751,-0.011245261524342597,1.4325800902444892,0.7949512606391295,0.9335031499263805,-0.1614283187534275,0.8921248331362116,0.5402978430876566,-0.6322921107530298,0.2068994558856888,0.49566814144899257,0.7694148603735861,1.551000837465284,0.6032574441937056,0.6298688193249746,-0.9107077817593949,0.5301761483031975,-0.05911686034232718,0.0
478,2022-01-21,-0.0742064325299516,-0.11597143963662973,1.2687471463223854,1.5647806956505201,0.8303091587826618,1.2616785609154146,-0.3183924903825145,1.4325800902444892,0.756420377680304,1.040144275891527,-0.17370719363127182,0.8881630501038424,0.2165616003228039,-0.8339327275418917,0.2068994558856888,0.33880403371692286,0.9947977448154127,1.2479448077804949,0.6640062504127604,0.16196511908594538,-0.8674894527223311,0.5990835236526483,0.047556629057923495,-0.003590668130728596
479,2022-01-24,0.4378075706147109,-0.46284638550937224,0.5299360890626216,1.5700082069422272,0.8352902518451573,0.5845078791070347,-0.29857184784231366,0.8735450629042351,0.2047667765396406,0.2624747783562462,-0.18353029353354056,0.8643923519095834,-0.059425755278121106,-0.4113867650942673,-0.6937446977675077,0.1390344138585863,1.2201806292572295,1.0183569065041262,0.17801580066032255,0.008233317932145053,-0.8024857860340822,0.5220067534401881,-0.08173837992630088,-0.014493007302566639
480,2022-01-25,0.32839081248580987,-1.4052597260763453,-1.1954943895615502,1.4980677635994393,0.7810446330886329,0.5057031414273847,-0.35156738958550404,-1.6110550586079557,-1.1589545809339898,-1.3652055653222632,-0.03262754485903995,0.7574242100353515,-0.3322164117943811,0.46859557827262543,-0.5864693853307509,-0.052380444239768474,0.09326620704812563,-0.7724287234514867,-1.279955548596991,-0.7576706376369702,-0.7729067487184829,0.07686409747089137,-0.7263247948647333,0.0036429912785010087
481,2022-01-26,-0.046383783492669396,-1.1377198188277897,-0.6028044764147182,1.317005367907748,0.704302668425401,0.5602633935238728,-0.40180418872682977,-1.0313150302551193,-1.3059639823093354,-1.0962844650623367,-0.22942780311209152,0.7059210306144378,-0.4940700611339559,0.17678858945546805,-0.5864693853307513,-0.22390696608520588,-0.8082653307191621,-1.690780328556933,-0.7332162926254985,-0.3003402612790947,-0.7503447842601052,-0.09913308554666822,-0.8462816696670259,-0.0036429912785009805
482,2022-01-27,0.6464302428471762,-1.3814054649888439,-1.0182240931653006,1.044871865983349,0.604400947248272,0.2354761524973662,-0.4544474655353617,-1.1141350343055043,-1.3164746323013246,-0.8996539831518566,-0.2281067811182034,0.5791439735783248,-0.6668627410240416,0.44553347664574,-0.05208335871033622,-0.3018548047803287,-1.5166115389648747,-1.8744506495780058,-0.9154627112826627,-0.9075689832269204,-0.7190980294937622,-0.29353825436783354,-0.9693115876170839,0.0036429912785010087
483,2022-01-28,1.1329971061611699,-1.1018941741034805,-0.34983547820641686,0.759234690332917,0.5073322143610801,0.6002254993083649,-0.4504303878834949,-0.6172150100030752,-0.7138182577354113,-0.3433840162351978,-0.22704996352309276,0.547449709319301,-0.37009815352810144,0.0976574840619208,-0.8625697675576743,-0.4309967184511108,-1.065845770081234,-0.5756390937860271,-0.30797464909211525,-0.14661248178073769,-0.6619475159714745,-0.30170938023698635,-0.7939241415136075,0.014440684154794428
484,2022-02-07,0.9885813538531533,0.03813503477782669,1.2687471463223854,0.618728417251809,0.4657683256345103,0.9647156704396473,-0.20029172811462073,1.3704650872066866,0.691322282418909,1.2119549788353645,0.09131794774564708,0.6266853699668606,0.6433926346526901,-0.2913853179586462,-0.12272370998781484,-0.479592326687539,-0.13211667739368596,0.8609252027717749,1.1601215012017074,0.7881136230554403,-0.5789288070403932,0.08625940097793779,-0.07118782962047025,0.02127739844728488
485,2022-02-08,2.9418153942636227,1.171209563713631,1.2687471463223854,0.6643938701229093,0.5326704241919998,1.5664577907832924,0.8366451950223409,1.370465087206677,2.2410904410226644,1.727387087666901,0.8222959625496205,0.7178063797115717,2.7093201819022203,-0.6946510737928187,1.3511954129086934,-0.29162887237776836,0.83380997021411,1.674322338722297,2.9218368815542948,1.0843559260087567,-0.6584165601260615,0.8854142944709912,1.1115493210127725,-0.0035149421074446084
486,2022-02-09,1.55875163297915,1.09684811181137,0.9308613703649351,0.8530627153418878,0.6470336452155806,1.0072981438347215,0.49145085224110974,1.1220050750554522,1.9416479605354466,1.1320034636040537,0.7720334600074956,0.812889172488652,2.0569161057131162,-0.8930951560682285,1.3511954129086934,0.0016840257364084403,1.4455635136990481,1.7727171535550184,1.9296063799764007,1.0882408451714818,-0.7176390205640406,1.2371099463972162,1.399860220373094,0.010507977598415165
487,2022-02-10,0.8297412439491291,1.4381552056050149,1.2687471463223854,1.1217360471630646,0.8174646143956301,1.040816635774651,0.586034027653592,1.867385111509116,1.6056566440403144,0.8551173650289252,0.7318234579737958,0.9158955313304795,1.5049072811935045,-1.0610016554107773,1.3511954129086938,0.3248027300271859,1.6387488432206045,1.4053765115128405,2.2839744162542197,1.2336796468427351,-0.8119379332217472,1.6805329830620097,1.7653715108685646,0.0
488,2022-02-11,0.8867036473858593,1.4381552056050149,1.2687471463223854,1.3691378479883878,1.008105962734556,1.1824249427944107,1.1560243348978392,1.6354891001679825,1.352524927938772,0.8030455058290111,0.5408942277505064,1.0109783241075687,1.4605532606377518,-1.1853867377499556,1.5044050050376685,0.656656997701176,1.7192427305212572,1.1921877460419406,1.4841151343699994,1.2336796468427351,-0.9040849448109961,1.876682825607521,1.6942260955377262,-0.01403531811638348
489,2022-02-14,0.8960265159314611,0.19301668822400464,-1.1954943895615502,1.5032953103171087,1.146291340475668,0.8057633661589447,0.11174294878291069,0.7079050548034287,0.7088131487298407,0.06991912985570155,0.7056733007645339,1.0624815035284911,0.9408992079053013,0.04246225034614528,-0.23391870945516183,0.7400285990143268,1.2577444433308667,0.4225216389059584,-0.4193474604937156,0.7768923237011562,-0.8953663307754375,1.5371309324186482,0.8496920460550877,-0.00709222830949191
490,2022-02-15,0.6566865344364363,-0.33864768535044076,-1.1954943895615502,1.5386600015925307,1.2155154733406743,0.4990474384069975,-0.3494669713446991,0.24411303212115196,0.31672271670432484,-1.3652055653222714,0.5199741019830973,1.1615260793379583,0.6073799733085211,0.24182913691749602,-0.6937477577919875,0.6300747951565221,-0.09455286332005455,-1.3507715795238329,-1.2495811454874635,1.100065745104764,-0.8856646352095559,1.0775430893386737,-0.0024185508375161014,0.007092228309491837
491,2022-02-16,-0.4610316248810528,0.07778896790945525,-0.5559488633559327,1.5143857372918075,1.2589011417934763,0.6662609989019692,-0.5652931522652225,0.7079050548034287,0.4165213383782822,-0.677962753546916,0.3714147429579476,1.2684942212121637,0.31435901245980324,-0.045218860945765695,-0.6937477577919877,0.4304614012202957,-0.9477880687069464,-1.8285330693227377,-0.4193474604937156,1.2515043207177947,-0.8510453195644497,0.9432366422300594,-0.20586069562837211,0.0
492,2022-02-17,0.267790855951977,0.07778896790945464,-0.5559488633559316,1.4492076525626727,1.279580387069081,0.2755137374062332,-0.35704860774578745,0.7079050548034287,0.41103963015168965,-0.38077667277916516,0.25256725573783506,1.4031948443130327,0.4187151603228519,-0.2971991720352361,-0.31461861144090536,0.25065614942783015,-1.1624384348420136,-1.2359776288856565,-0.35859865427466087,1.4120178671540782,-0.8501466768299567,0.8226179546194452,-0.34848992581819416,0.0035273405179684406
493,2022-02-18,-0.43109042017164734,0.2927708566830722,-0.20074332347612084,1.3810346396205824,1.2930128077839753,0.6352153807586554,-0.460590434140369,0.939801066144562,0.36023262201409967,-0.2395492356901837,-0.0012719626345847107,1.5339336843815234,0.18827220241898304,-0.48488007123200527,-0.314618611440905,0.0956350723448319,-0.486289781516558,0.16341529317976847,0.17801580066032255,1.406913196066002,-0.7861704395569968,0.8099812422736915,-0.30383235926638263,-0.007067167223092443
494,2022-02-21,-0.4537958483094734,-0.3187113282815783,-1.0291426204354954,1.3210218699767096,1.2724609404670708,0.12895156967719204,-0.5881203074448325,0.4760090434622853,0.1945054589400781,-0.5252421287079526,-0.20434333733252044,1.5537425995434135,-0.01963241785253288,-0.6542049507364515,-0.3146186114409058,-0.034086235838805885,-0.534586113896957,-0.09350450110569214,-0.24722584287306057,0.4677756912736152,-0.6383737959786542,0.5799421212481023,-0.5877431065429746,-0.0071174677688639896
495,2022-02-22,-0.35465985353502205,-0.8660439327344107,-1.1954943895615502,1.207782411573161,1.2041263542242104,-0.02432758867568458,-0.5263654438091232,0.012217020780008244,-0.3085371194678151,-1.6106494266705889,-0.3668004370908687,1.4230037594749225,-0.20689948432647315,0.21226046651147015,-0.9924843202348419,-0.22838082252416272,-0.9209567729400784,-0.9003419827340385,-0.7838402978080441,-0.7415463438355197,-0.6076190247734359,0.22861754974680906,-0.9931921451305471,0.0
496,2022-02-23,0.04779056088960215,-1.178218687345468,-1.1954943895615502,1.03571530838618,1.1073202759389609,-0.2078775675062003,-0.2701168620490321,-0.12029498570064584,-0.6792978156308486,-1.209014017191518,-0.49676611689754774,1.3160356176006995,-0.3753062601757426,0.48480334259163066,-0.5084270909257579,-0.3768696724816286,-1.3717225418237187,-1.366077439608936,-0.7230914915889893,-0.593702466867245,-0.5526514490194656,0.008245889920078303,-1.125017309978267,-0.014388737452099669
497,2022-02-24,0.8923758529601498,-1.4052597260763453,-1.1954943895615502,0.7796810430420537,0.9474301817819989,-0.26885498194380897,-0.6343698436719055,-1.6110550586079557,-1.598937840186111,-1.4056316130737503,-0.2832162035502391,1.0822904186903899,-0.5820270466668793,1.6300572836924394,0.5251795753935982,-0.3555767113357666,-1.7097968684864415,-1.5071100075358315,-1.7456963962764105,-1.6297870581247398,-0.6211367547875042,-0.5009206723646392,-1.6550793549085339,0.0
498,2022-02-25,0.6795623909389752,-1.4052597260763453,-1.1954943895615502,0.4710323898415282,0.7566540819150813,-0.49871190730591863,-0.6255485295327105,-1.3434827378297247,-1.7083965206265805,-1.1713678491804775,-0.27113750146872156,0.8564687858448098,-0.7325410014943207,1.6583501065497208,0.7758839886929259,-0.216826134061919,-1.5595416121918977,-0.9714049045576656,-1.3305795537795366,-1.6297870581247398,-0.6865254013689158,-0.7846237234512033,-1.7476403206463735,0.003616640470188515
499,2022-02-28,0.11860398342361347,-1.1334978549952832,-0.3017979984595593,0.17708027430026813,0.5691451544239232,-0.10273859617963922,-0.582426802609971,-1.0759104170514826,-1.3076198801086079,-0.7810491753131935,-0.4202357683998297,0.721768162743941,-0.8428511955305261,1.2471522724445712,0.7758839886929252,-0.029474779357372843,-1.3985538375905913,-0.6652877028558455,-0.5509698739683343,-0.8978608316245371,-0.7076744450513018,-0.8251799223782031,-1.4642014170316815,0.007194275634027231
500,2022-03-01,-0.2231704371967675,-0.6208875754548282,1.2687471463223854,-0.0649067780685767,0.4180465899165693,0.2290064976349676,-0.3216600540276332,-0.5407657754950085,-0.7641909977949576,-0.04226315265467086,-0.3807531533483868,0.6544178511935153,-0.14981181190954343,0.8085464509666048,-0.5784099729579505,-0.008575974996148976,-0.49702229982331053,0.4935845607295886,0.36026221931748675,-0.29594775481345365,-0.575853359304482,-0.6225893093188924,-0.8799626769998581,0.0
501,2022-03-02,-0.4129358663674623,-0.6208875754548282,1.2687471463223854,-0.21989892164896857,0.297438188042373,-0.011355901891917736,-0.1413707300737956,-0.5407657754950085,-0.5915716981168103,0.4071574755721407,-0.507928289903562,0.547449709319301,-0.3265620178507767,0.4886382151976308,-0.5784099729579505,-0.0743079660640674,0.43456028920288736,1.3891960308514733,0.4210110255365415,-0.5958294484389748,-0.47175466715502534,-0.4707613802764123,-0.4872057334349353,0.0035778213478839024
502,2022-03-03,-0.11584426700834456,0.20403057364929825,1.2687471463223854,-0.27495910458578704,0.21432037801012718,0.359375231380789,0.1424576163295339,-0.1617049877258488,-0.19393721315660667,1.3837656817791824,-0.45090717055137286,0.45632869957459865,0.313953656005431,0.14729922887354527,-0.8870393967848613,-0.218971741228443,1.1751040523688618,1.6983744045702929,0.7855038628508699,-0.44481375684619834,-0.30085110046431096,-0.2618807161880515,-0.08911815629259602,-0.003577821347883855
503,2022-03-04,0.1274251807828297,-0.21772455630324078,0.631828028310866,-0.26451426386121,0.1466964051332118,-0.14584395975856446,0.33127843189351036,-0.21967899056112705,-0.21416010799695454,0.8339714323589037,-0.40529027506962134,0.33351342557086366,0.03924215590057292,-0.14779587446540296,-0.8870393967848608,-0.39209754704085825,1.1751040523688618,1.017044975639685,0.23876460687937728,-0.7441864130670927,-0.17476760586299023,-0.21651366398294286,-0.01105466624868761,-0.01081091610421573
504,2022-03-07,0.7721687943658883,-1.3404372039074002,-1.1954943895615502,-0.2847874162017199,0.05636060962414473,-0.3824978000580868,-0.1485464602068965,-1.2632110415962565,-0.7879991507039942,-0.7543230659663787,-0.36879675868422,0.19881280246999475,-0.19829504130152362,0.6675778030003134,-0.6186641005289514,-0.5307437677650909,0.09326620704812015,-0.827529819757816,-0.8547139050636079,-0.9010739314456597,-0.2622671861060409,-0.46078214271122714,-0.37444172479704724,0.0
505,2022-03-08,0.877235696232348,-1.3404372039074002,-1.1954943895615502,-0.34935182941060533,-0.041830832463516286,-0.17451532366248906,-0.3753425505047282,-1.2632110415962565,-0.9440433310120717,-1.3290348910183005,-0.49836317417222836,0.10769179272529242,-0.3709031521180911,0.9090004900347693,-0.201171445109815,-0.5862381156872082,-0.8082653307191607,-1.6724132964548184,-0.7939650988445532,-0.6023015495072398,-0.35958633425118214,-0.586146287457228,-0.49033177735149347,-0.010929070532190206
506,2022-03-09,1.7451355885956183,-1.4052597260763453,-1.1954943895615502,-0.5002371025462234,-0.17427533866996717,-0.2898614636591212,-0.6838667350108659,-1.3211850444315383,-1.3519480760243252,-1.343036442361752,-0.12573262077366124,-0.030970613407945678,-0.6103227662793699,1.948368671406085,0.7091024367251026,-0.47651174059008156,-1.5595416121918977,-1.93567408991838,-1.52295077347321,-1.0602027000867702,-0.5621960362080115,-0.9173563633109789,-0.8856896604346262,0.0
507,2022-03-10,-0.13129469075908512,-1.405259726076343,-1.1954943895615502,-0.7016026236992857,-0.31811305828660547,-0.4481108897801745,-0.6785878365581057,-1.3211850444315383,-1.222106724180476,-0.9070436908053371,-0.14515063524745897,-0.09039735889364177,-0.7583799215872229,1.4184419535101713,0.7091024367251026,-0.2914463333482084,-1.4092863558973538,-1.0479342049831248,-1.1685827371953905,-0.45630408120651267,-0.6682806192606585,-1.0751984306888238,-0.9470809274306562,0.01092907053219023
508,2022-03-11,1.183129265135176,0.21987481624917565,1.1774075107299116,-0.864848986074288,-0.42201422356943336,0.044593709361980934,-0.5998394337605635,-0.2196789905611362,-0.8209969102464176,-0.3834301199288715,0.15683741036615456,-0.10228270799075811,-0.5404557731906667,0.8233117213142883,0.003228132212945783,-0.17475982326766673,-0.8619279222529344,-0.022441579282049734,0.17801580066032255,0.008233317932145053,-0.6269354473665654,-0.8380978231820838,-0.4155278216651404,0.0
509,2022-03-14,1.4164194766787002,0.21987481624917565,1.2687471463223847,-0.955514549536825,-0.4932499137840973,-0.22876514194273156,-0.47508430826746206,-0.06508164966704814,-0.2703900641752736,0.6241815213958948,0.39842784685704513,-0.13397697224979074,-0.0013352585568083071,0.3424551263084281,-1.1426749275805395,-0.25136589600973236,-0.2394418604612436,0.581046618358665,0.36026221931748675,-0.1460534716734772,-0.6555443086961512,-0.6559393034795855,-0.07106417140957966,-0.014598799421152523
510,2022-03-15,2.092472091846937,-1.282164116235717,-0.47168799807558587,-1.0259232738670319,-0.5864388321836596,-0.7505397188406817,-0.5261023549025968,-1.2632110415962412,-1.4164878657052997,-1.112010845194491,0.5917001960497579,-0.26867759535065966,-0.28435214042687373,1.3333615380076125,-0.05867226393625144,-0.2794994437627184,-0.22065995342441838,0.13116365942904776,-0.864838706100117,-1.0640322198646155,-0.823582924517115,-0.892623441064256,-0.4112984196423584,0.0036697288889624017
511,2022-03-16,1.5922255117919888,-0.7530020590894227,0.24782999076503806,-1.096166120146637,-0.6725217522628436,-0.8496263596625736,-0.3278912572498161,-0.45157500190226485,-1.4347194447112808,-1.3059604953416468,0.7463180754039352,-0.38356930328962985,-0.5164294693875976,1.6818521502035848,0.4517924343262746,-0.21428403490547995,-0.45248234885028427,-0.46073581557580773,-0.30797464909211525,-0.9108514287507953,-0.9007528888597417,-0.9000143750126296,-0.346366526699612,-0.00366972888896229
512,2022-03-17,1.4838619135578521,-1.1055998450671358,-0.14252359178923552,-1.1739510083744435,-0.75822999092254,-0.8454793295557296,-0.312432027921347,-0.7414450160786814,-1.0570648982694772,-0.7352329878614787,0.5524899216946253,-0.5380788415524063,-0.6662463828413238,1.2202830853718258,0.4517924343262746,-0.10676531421504457,-0.8195344749412395,-0.8973901382890297,-0.6218434812238981,-1.2128364169466153,-0.9839506262946847,-0.9573110948594155,-0.3677952027638782,0.010969031370573937
513,2022-03-18,1.532820301794374,0.402405124769754,1.2687471463223854,-1.2530180047250143,-0.7988605588384853,-0.7937595119867255,-0.05662746093374519,0.1281650264505801,-0.4844469588693393,0.12382052685767182,0.7149498559198222,-0.625238068264713,-0.15923729010191828,0.7006661055864206,-0.6459042816749367,-0.12905712421837176,-0.17719325428205562,0.26268472858879477,0.36026221931748675,-0.60448984652315,-0.9190595396595138,-0.664623182178007,0.12962822596224288,-0.007299302481611608
514,2022-03-21,-0.22539736782901587,-0.34763451239276166,0.23253401608033178,-1.2701703231017767,-0.8306021814956541,-0.9223306650319313,-0.39916100369172436,-0.45157500190226485,-0.4194268396897206,0.23836099548693948,0.5273953461073276,-0.6846648137503915,-0.35168407265274376,0.36350592223158096,-0.6459042816749361,-0.2157590572284491,0.05462914114381921,0.48112121751744713,-0.18647703665400583,-0.45630408120651267,-0.9290267082584914,-0.6453076650244703,0.12564006120053006,0.01814931850567727
515,2022-03-22,1.3449313326187486,1.4381552056050149,1.2687471463223854,-1.1769246278460768,-0.7908287058940515,-0.4824245783016586,-0.17964096736970603,0.9977750689798416,0.354438183062597,1.6128466190376811,0.6948741954499841,-0.6648558985884928,0.09627753589012747,-0.016070475837341745,-0.9616957795892664,-0.36927438771097343,1.0012372557994609,1.4749088473279721,1.534739139552545,0.31792491735792006,-0.9058715053066935,-0.13121562302196477,0.8498967841594461,0.0
516,2022-03-23,-0.042031305255386446,1.4381552056050149,1.2687471463223854,-0.9845844861623356,-0.7068612465356486,-0.2731590114874573,0.30460701883409064,0.9977750689798416,0.9157297719318239,1.3033436506139933,0.5113348177314643,-0.5737348888437904,0.21067141668242284,-0.2634217345217479,-0.5620530011100607,-0.49242325564483114,1.3731190151284605,1.5250902028926567,1.1601215012017074,0.7909703274698119,-0.8793308491291132,0.18728355708300934,1.141730939370703,0.0
517,2022-03-24,-0.376778833299913,1.4381552056050149,1.2687471463223847,-0.7489564592354669,-0.5984072844470698,-0.4003872199345429,-0.10706544306146339,1.519541094497401,1.0356233538477666,0.8582270610098117,0.3645033155566482,-0.4865756621314661,-0.02686540241620817,-0.481809307938649,-0.5620530011100608,-0.5900260616306865,1.7836378403617694,1.5733036621606855,0.8563774701064337,0.7909703274698119,-0.8773009670143898,0.3735673072453095,1.1808079747539462,-0.0036036075032985443
518,2022-03-25,-0.30684814229595303,1.0246061073345707,0.453471862814312,-0.4825965697047014,-0.49158952166266917,-0.5365310472066918,0.16698649167786087,1.1716970774857016,0.9878802719429859,0.6793417997094526,0.08827688522046624,-0.46280496393720705,-0.2056058311358466,-0.6461404152074146,-0.5620530011100605,-0.666627586542185,1.332872071478129,0.6116583385288517,0.17801580066032255,0.16307911764503255,-0.8720348005000527,0.3773451027507783,0.9437394600035239,0.01433716314640725
519,2022-03-28,1.0558026708539854,1.4381552056050149,1.2687471463223854,-0.22680910252932154,-0.34160526910910927,-0.41838665643158823,0.10728194284410339,1.867385111509116,1.225393282470218,1.0704638117051488,0.502340655336824,-0.3756457372248739,-0.473968536900837,-0.892868818534543,-0.5620530011100601,-0.7262609864229712,1.5019092348094982,0.8691247706744919,1.2714943126033078,0.7824623164965826,-0.9160359647016243,0.7426872108190621,1.285676090776759,0.0035524016043677006
520,2022-03-29,-0.22014817419585897,1.4381552056050149,1.2687471463223854,0.01850127379138421,-0.16112311727867862,-0.14225680777618838,0.9932702891989029,1.867385111509116,1.4634357489849095,1.6200053983269689,0.35730798564092914,-0.18944193470308246,-0.2884943541013798,-1.0336173090322165,-0.022881014028499836,-0.7023179295706078,1.6709463981408672,1.224986017652854,1.0892478939461436,1.5794627561952554,-0.9696897557131873,1.0272765065781493,1.4404982353970521,0.007067167223092353
521,2022-03-30,1.3652061900782848,1.4381552056050149,1.2687471463223854,0.270701458539358,0.05173033910943554,0.30985394758343365,0.9970996305683586,1.867385111509116,1.6147102119053978,1.4267183575151698,0.24128184988421325,0.0007236508510781611,0.21999894927915828,-1.1578232642341788,0.7566471055055043,-0.5364091840472,2.121712167024507,1.7300794004608417,1.4436159302239628,1.730254738915012,-1.0688398889592168,1.3449569711968994,1.6130083804933755,0.010507977598415165
522,2022-03-31,2.6243300745854765,1.4381552056050149,1.2687471463223854,0.5436602997290575,0.3073918894699311,0.7507568800823439,2.717261615212825,1.6843093130819056,1.748430905363511,1.3983878692637872,0.4659833984714921,0.2701248970528072,1.244545306367044,-1.2976546779108724,1.5873060673608395,-0.20369025318103692,2.017689297282131,1.3291836036167393,1.970105584122437,2.3650774753268204,-1.2377871219831151,1.7630808496077335,1.8986938457431952,0.0
523,2022-04-01,0.7794937180820867,1.4381552056050149,1.2687471463223854,0.8022129780112576,0.5717904916138089,1.0794105907484952,2.1782671119138133,1.6843093130819056,1.4510071451186728,1.0274175571549389,0.32822218014866344,0.4642522656393634,0.8819173414628572,-1.3887327440555295,1.5873060673608406,0.18697518605460092,1.9136664275397552,1.0395496358527179,1.4233663281509445,1.8731398221106241,-1.364117729132815,1.9403115144593082,1.7730679633146906,0.006944472352810995
524,2022-04-06,2.061737302752099,1.4381552056050149,1.2687471463223854,1.028372310636488,0.8470498462257644,1.5514245139561071,8.035054655149127,1.7017451034083064,1.3456139804334566,1.0019641196817832,0.37677443408672984,0.7217681627439497,1.1861635347797994,-1.4804182571314108,1.8635587704608945,0.6112058863806579,1.7907303087533102,0.948998883181484,1.4132415271144354,2.5129917484526882,-1.4800941960651361,2.152971487523785,1.7246573459339558,-0.003466207976486284
525,2022-04-07,1.243051004176613,1.1705609208732264,-0.40087113668944424,1.2049709271392008,1.096054632702785,0.8819007221113049,1.3029413792623457,1.5012335146546871,1.0557465157806372,0.7456116422734932,0.415616237237183,0.8802394840390777,0.780037295596796,-1.5589756362971932,1.8635587704608938,1.0179306423384753,1.594242665906592,0.7612612706692464,0.6437566483397421,1.5455513294701577,-1.5206037851917333,2.0944753878480213,1.2872605021337276,0.003466207976486329
526,2022-04-08,0.4357807840620484,1.2772510309712308,-0.5281954076663006,1.321961275707069,1.3214537453554627,0.9408362205349743,1.3977766689689661,1.6843093130819056,0.8962384678549042,0.643658038328824,0.2879284511612235,1.050596154431366,0.4743730384238724,-1.6181005601052818,1.8635587704608951,1.382521773132267,1.5050802061274118,0.7642582222943021,0.5830078421206873,1.6992831306239677,-1.4766679329929149,2.063479473342994,0.9777752893440185,-0.010434877292579619
527,2022-04-11,0.9682208452154538,0.40713356780722365,-1.1954943895615502,1.3875067175199804,1.4768530877949453,0.6158725835458826,0.1792366816849837,1.0489286008933334,0.6525057916435147,-0.2852525753895503,0.18577822230045593,1.1813349944998481,0.20449834031666697,-1.67030267595258,1.8635587704608945,1.6958536151041035,0.5461784795931147,-0.4868589890647054,-0.5914690781143707,1.2380877271625572,-1.3497501053092298,1.6728380746326776,0.20141684195569143,0.0034904049397685676
528,2022-04-12,1.4316627644169435,0.21684179126446523,-0.8319443041796502,1.4035472493585393,1.5868924660032022,0.7452883824834987,0.07417505910209593,1.2535427285472833,0.5276579483507547,-0.792503222176112,0.10405803921183449,1.347729881859741,-0.03352067659712363,-1.2699172382024564,0.7495808003102125,1.8127225137971004,0.03531060819165837,-0.7883706712284211,-0.23710104183655145,1.5511012139883487,-1.2896917190896684,1.459628509643679,-0.15880002042289074,-0.0034904049397686022
529,2022-04-13,0.9562052085073883,-0.17701034307486813,-1.1954943895615502,1.384888346341917,1.644725858873523,0.6564502979972885,-0.20417637345948242,0.939801066144562,0.40572628256298815,-0.9951517435970515,0.038681892740937446,1.4150801934101664,-0.24322823285691678,-1.3658068506368626,0.7495808003102121,1.819814898679016,-0.8533419076075269,-1.4568193243991179,-0.530720271895316,0.7686859997961372,-1.2035780254923902,1.1742153475347088,-0.5531311509400759,0.0
530,2022-04-14,0.8110282095036542,-0.17701034307486813,-1.1954943895615502,1.3503670658743625,1.6615650266717663,0.9321595047144863,-0.47342921393696247,0.939801066144562,0.4542467280808774,-0.19689278530417065,-0.013619024435773357,1.4467744576691903,-0.07581839824151596,-1.4502078695132856,1.1201113971569725,1.8184605926449466,-0.7857270422749836,-0.7901397901213849,-0.35859865427466087,0.6144381508506815,-0.9698908580177061,0.952115515459938,-0.7755093671006252,0.0
531,2022-04-15,0.9810938676967671,-0.17701034307486813,-1.1954943895615502,1.2986504119946614,1.6467872268874846,0.9304897241733668,-0.2641381677333772,0.939801066144562,0.2021348414196758,-1.1361246280638724,-0.21422098677347134,1.4428126746368213,-0.25140816672858834,-1.043353554099498,0.04494904411915304,1.6732182391173376,-0.9885716382726315,-0.7448781752983406,-0.23710104183655145,0.30920121033184017,-0.740019239775433,0.7780446117387853,-0.8827972072646776,-0.010544913176614887
532,2022-04-18,0.3218175215575759,-1.4052597260763453,-1.1954943895615502,1.201625905421956,1.5719814704210187,1.1044584432610027,-0.5573375421248601,0.24411303212115196,-0.44808472996297755,-1.9051820602886,-0.215941328047307,1.327920966697851,-0.4382862760485454,-0.22299688948351454,-1.0964710229635826,1.3181226210996146,-1.2590310996028111,-1.0754847531362866,-0.9458371143921901,-0.5874104551794472,-0.43545621765152437,0.3574319497266186,-1.3311065305378267,0.007042282625412951
533,2022-04-19,0.09620008239258715,-0.7493558845792513,0.14810515693477433,1.071961675131766,1.4845105808548904,1.3419248128498356,-0.23940656535531488,0.28627594327408734,-0.7212302466299034,-1.0215841594345596,-0.21731760106636833,1.2486853060502738,-0.6020241193052909,0.022374803764879134,-0.5458648612091248,0.9564831960621357,-1.0175494377008507,-0.5382490641495881,-0.18647703665400583,-0.28958856862365345,-0.21751329849766146,0.27833516764191957,-1.1876388385055605,0.0
534,2022-04-20,0.5506180381804331,-0.7493558845792524,0.6038583149389777,0.9358010107535255,1.3899431477411506,0.9959222724781918,-0.48980403266224326,-0.06508164966703109,-0.43127577509116577,-0.06708025419099756,-0.21841861948161775,1.1456789472084374,-0.00397546670164929,-0.241226945556089,-0.8328466181873039,0.5837409490865956,-0.7760677757988904,-0.18205983445511276,-0.06497942421589635,-0.5832883529433806,0.14577890985575456,0.22031139733533556,-1.0418820011876124,0.0035026305512020745
535,2022-04-21,1.5584186421742494,-0.42159473106897194,1.2687471463223854,0.8344477151566768,1.3044482868616956,1.3977164502875983,0.09003636072496381,0.1281650264505801,-0.05673477716356169,0.6201625575843587,-0.21929943421382417,1.1020993338522709,0.14870937376473398,-0.4718761994227696,-0.3736597908943312,0.2954211854109811,0.12546376196839046,0.9068427830270436,0.2893886120619229,-0.2885544648508869,0.3103172090103322,0.2719817913726341,-0.7639982274759383,0.0069686693160934355
536,2022-04-22,0.8285325135470885,0.1825014410337763,1.2687471463223854,0.825102872927661,1.249469639817508,2.3986761402849384,0.5666114823218148,0.997775068979848,0.6882006193712784,1.3150414006016546,-0.22000408599958238,1.0664432865608604,0.28334868534246577,-0.6735675235878676,0.035190048891998706,0.12682970690540518,0.7050197505330651,1.2676237707470255,0.886751873215961,-0.13964709978673873,0.4951531978857528,0.4820868633114235,-0.3087519607629469,-0.010471299867295366
537,2022-04-25,2.542354905150192,-1.051110714375346,-0.32804773865220477,0.8572471129046119,1.1762490654566045,1.2644806756204938,-0.1203643683616554,-0.3066399948140442,-0.11268744438128961,0.43471608456559013,-0.061806578831866694,1.054557937463744,-0.013031512959541424,-0.397781326732934,-0.6538418645299008,-0.05643491512738486,0.7050197505330651,0.6641355731063106,-0.1257282304349511,-0.1411982929795892,0.7126886926788861,0.30667760410153466,-0.5113590049487265,0.0035026305512020745
538,2022-04-26,1.96713907243708,-0.6744032771179591,-0.5018758601975859,0.8853282588306127,1.1047441643819766,2.2305000904995573,0.6805377848380393,0.1281650264505801,-0.24106918048912196,0.054100241605130855,0.06475142690230574,1.0387108053342233,-0.2636138855174486,-0.16784546882491683,-1.2635318668194127,-0.3114386361943461,0.34440713542615037,-0.08628888135127868,0.056518188222213106,-0.1406776253457566,1.0668904788906297,0.28360440784495133,-0.4494719066851042,-0.014084739881738972
539,2022-04-27,1.968773436755096,-1.4052597260763453,-1.1954943895615502,0.7982941397770661,0.9873788139041575,1.2383064209125885,-0.1279938204179575,-0.8380683541374971,-1.8497875764682068,-1.819672586012424,0.4835202886822957,0.9634369277190241,-0.526403572974146,1.2771688810114374,0.2586850627842191,-0.3844552582192537,-0.5141943291141142,-1.163821431341656,-1.1888323392684088,-0.5894931257148013,1.1149744137625102,-0.11841950142157043,-0.9571160986134605,0.010582109330537008
540,2022-04-28,1.8913771093850977,-0.2516504741797329,-0.03781388100153711,0.6226540011117588,0.882454471533441,1.8799407146039948,0.20602544272706577,0.32141170256819895,-1.0214620596570119,-0.7952968921426962,0.501012920913636,0.9277808804276223,-0.6959210642041183,0.8077637244516753,0.2586850627842188,-0.3586607789349577,-0.3424740362060615,-0.4221431826469784,-0.1257282304349511,-0.1411982929795892,1.213160305847036,-0.07095754249662735,-0.7023729747398388,0.0
541,2022-04-29,1.4171929592570125,-0.25165047417973047,-0.03781388100153711,0.4478576659669145,0.7889070759340087,1.45907416810656,-0.11153638870929404,0.32141170256819895,-0.2732715992961565,-0.09644960512158253,0.5150070266987081,0.9000483992009852,-0.16494479243178672,0.4065239684821539,-0.8755966084211111,-0.4319282114692404,-0.13211667739369232,0.15773025943388927,-0.06497942421589635,-0.1411982929795892,1.2381324636294513,-0.03713624031879734,-0.5186337082673337,0.006993035490970604
542,2022-05-05,1.2208079176025464,0.4893011402860736,1.2687471463223854,0.3276554945916077,0.729545492511489,1.8199175368094636,-0.08567891637542707,1.0943984070386574,0.4463080315881716,0.758999489256126,0.5262023113267658,0.9634369277190329,-0.048368879533100005,0.06316883567815035,-1.2184600721336662,-0.5943025093395508,0.7506329533367747,1.2609547888528219,0.7045054545587969,0.6122960843032696,1.2381324636294513,0.1757685247463518,-0.10834408486897819,-0.010507977598415206
543,2022-05-06,0.021708029155619216,-0.7484651411222357,-0.19833434535231592,0.2812863383328975,0.6565987435833823,1.5548957974203665,0.18928325945652544,-0.065081649667039,-0.38055487627975626,-0.026890616075502465,0.3763973104328894,0.943628012557143,-0.2537685332591041,-0.1948308589155281,-1.2184600721336654,-0.7888844488816867,0.6755053251894998,0.7084132397810429,-0.2978498480556061,-0.14172261442139264,1.1960567552539743,0.015515930110179457,-0.3287485547602931,0.00701757265864654
544,2022-05-09,-0.16749629739894398,-0.024933034883738315,0.7199751531247032,0.28999683749699534,0.6018911528484588,2.003747634043049,0.0035830903426506823,0.7079050548034196,0.04497794627675504,0.5247121670600061,0.09779208112145918,0.9475897955895122,-0.40842677093485924,-0.38909495509540193,-1.2184600721336654,-0.9840146187019269,0.8901556913245643,0.6854544496534031,0.41088622450003237,0.158189250285678,1.222993070715414,0.10880890389523676,-0.13229569839821004,0.0069686693160934355
545,2022-05-10,1.3327662433447043,0.6357085746881435,1.2687471463223854,0.3748771876323852,0.5836701472510158,2.030040407764008,1.6108234477297125,1.4808917592738782,1.0815301633716177,1.3969818896979298,0.19243035486496665,0.9555133616542681,0.44403848680451075,-0.6251276292023785,0.11574668326598955,-0.9901504312553838,0.8338099702141007,0.548248346747758,0.7652542607778516,0.307096539755623,1.222993070715414,0.3512429146915604,0.24414182005112012,-0.013986241974739952
546,2022-05-11,1.6996897726554099,-0.8793855416809347,-1.1954943895615502,0.38731839887702835,0.5393347745189453,1.3124270421360804,-0.013185377026737768,-0.065081649667039,-0.2446858043443435,-0.5061520506030553,0.42690220245609484,0.8604305688771878,0.09936896038812913,0.02133285308496578,-0.9967734859373654,-1.043902401132553,0.38304420133045536,-0.15910104432750624,-0.5914690781143707,-0.5853422476339236,1.2292613751676011,0.1067172731231429,-0.1706626304983378,-0.007067167223092443
547,2022-05-12,-0.07329748125148287,-1.4052597260763453,-1.1954943895615502,0.3330605547013952,0.456672960673283,0.7978840492356591,-0.19550080244800733,-0.8380683541374971,-1.4212450358552429,-1.5713784088548512,0.13819599474002364,0.7772331251972414,-0.0918178976900445,0.2552816358840563,-1.1072544271597307,-1.1319145051613024,-0.5828824462773443,-1.3299993408369344,-1.1280835330493542,-0.44163447912845377,1.1277380873725902,-0.23256179549195055,-0.6418178133032375,0.007067167223092353
548,2022-05-13,-0.30322020310660336,-0.7189329870640445,-0.23420627286179302,0.2268982093420332,0.37858255483148984,0.5648303926518012,-0.32832091154642495,-0.065081649667039,-0.8851175566299896,-0.8088661462659871,-0.09276897143283343,0.705921030614429,-0.26494196591142055,0.011683442743447939,-1.1072544271597304,-1.2302216079181025,-1.3234262094433216,-1.8088541063561927,-0.23710104183655145,-0.29062990389132815,1.1096948703875185,-0.23656712023911355,-0.5258043355419347,-0.0035273405179682992
549,2022-05-16,0.637667602926092,-1.0425634577104295,-0.6297550883094993,0.0051259662069518845,0.2953517699016865,0.33184044154856795,-0.37313204139630685,-0.4515750019022594,-0.8916404346399474,-0.6779627535469039,-0.2775409443711194,0.7019592475820599,-0.4214557885575042,-0.20854292317906997,-1.107254427159731,-1.3257561914335572,-1.3556237643635727,-1.159448328460193,-0.5408450729318252,0.1597845261617863,1.063501783288794,-0.32098010945982847,-0.5512132582824548,-0.00709222830949191
550,2022-05-17,1.9411264600322102,-1.4052597260763453,-1.1954943895615502,-0.2432114123022665,0.1898587170667937,-0.2799212319511877,-0.6615757195643516,-1.224561706372718,-1.2493115788525213,-0.9479510010300894,-0.1078360655290961,0.6148000208697266,-0.6124028839437873,0.4653977949432348,-0.13478786373667703,-1.2857310324671472,-1.1865866010322037,-0.6035176246552924,-0.9559619154286991,-0.5915904114819868,0.9477448658039703,-0.5446879098390973,-0.7763391750985896,0.0
551,2022-05-18,-0.3557750668343741,-1.4052597260763453,-1.1954943895615502,-0.44810932060385367,0.07728011761624264,-0.04387052224029642,-0.8106141587668106,-1.224561706372718,-1.2693222394141936,-1.2124849404832603,-0.2895946196481296,0.5276407941574023,-0.7323188779856867,0.19513207958624879,-0.13478786373667673,-1.179810099497044,-1.2348829334125853,-0.7281510567767376,-0.5408450729318252,-0.5915904114819868,0.849828025161956,-0.6539371053795101,-0.7881566661320032,0.0
552,2022-05-19,0.4093521516489562,-1.4052597260763453,-1.1954943895615502,-0.6480030242883177,-0.03235337993835491,-0.22633765585462134,-0.7004130617209567,-0.9153670245845413,-1.3093502586666128,-1.1361246280637944,-0.435001462943356,0.4048255201536761,-0.8404687416005996,0.45031860772823923,0.2905591355338556,-0.9936528261342021,-0.8871493402737782,-0.2814385974361702,-0.35859865427466087,-0.8852323417352459,0.7888000108751638,-0.6892058608287405,-0.6888406075354012,0.0
553,2022-05-20,1.09623002694711,-1.405259726076344,-1.1954943895615502,-0.8192434037326632,-0.13276841976818626,-0.003812488242944892,-0.5862352543830561,-0.9153670245845413,-0.9432745668322676,-0.5061520506030395,-0.5513269375795375,0.3374752086032329,-0.5422317806177068,0.1759551514951022,-0.5049893317009552,-0.8851157538770925,-0.5152675809447762,0.12689988411963618,-0.30797464909211525,-0.44321852066739753,0.7094742964973954,-0.6782108885107594,-0.5413683214378002,-0.003565066164496257
554,2022-05-23,0.30829250133228403,-1.4052597260763453,-1.1954943895615502,-0.9451484494436071,-0.23227141405978152,-0.4231943239824634,-0.7480421477184297,-1.2632110415962565,-0.8975597723358366,-0.587536067786994,-0.6443873172884822,0.20277458550238153,-0.6737361574846072,-0.0706911179514853,-0.5049893317009557,-0.8250409942051204,-0.5828824462773345,-0.2627435826179742,-0.4193474604937156,-0.8883563475382794,0.6029473265953602,-0.7341448512296186,-0.521793039188172,0.007117467768863955
555,2022-05-24,1.387841698886998,-0.4102806958655027,1.2687471463223854,-1.0137255255004718,-0.2999605387217773,0.044193102281893465,-0.4594677912813453,-0.5675230075728417,-0.5984616165580768,0.6965228700037596,-0.718835621055638,0.06015039633674786,-0.7917676015199341,-0.29206789675005024,-0.5049893317009558,-0.7945959662334817,0.2284959377132161,0.7704019731256481,0.36026221931748675,-0.8821300304169557,0.5711897788887034,-0.5448500326004769,-0.1455841720877739,0.0
556,2022-05-25,0.1470130808338308,-0.4102806958655027,1.2687471463223854,-1.0229190121321188,-0.3426251890888027,0.04587866277787632,-0.1566696162268223,-0.5675230075728417,-0.42022606372127547,1.3837656817791413,-0.9371554926656923,-0.015123481278433758,-0.8763407167885009,-0.45069108385188206,-0.5049893317009556,-0.7817534567188815,1.0398743217037665,1.6244689658737093,0.29951341309843205,-0.29273457446755,0.5825871063520934,-0.4044751343330732,0.0834582041021741,0.003539826705124208
557,2022-05-26,0.5425816852905101,0.08581441618588033,1.2687471463223854,-0.9795837585719418,-0.3539133889713795,0.26160902455531304,0.1412936226083697,-0.21967899056112705,-0.12506046677427432,1.3837656817791841,-0.9530501613574062,-0.034932396440332456,-0.5292176524855904,-0.6345817903629019,-1.0816408936384214,-0.8538608944299676,2.121712167024509,2.506086506774941,0.5323838369381418,0.1597845261617863,0.5742962248419079,-0.20543031284254162,0.3529518050250604,0.0
558,2022-05-27,-0.11864890609738894,0.08581441618588033,1.2687471463223854,-0.8765498482322982,-0.34380219107873433,0.4762449841678119,0.15878348140277776,-0.21967899056112705,0.09930992161996999,1.1963358240222925,-1.1245271249070998,-0.08247379282886821,-0.6395418711740257,-0.7645126285154122,-1.081640893638421,-0.9634238205042741,2.121712167024509,1.7346711584863697,0.41088622450003237,-0.14225062826769774,0.5780268388178488,-0.07408210382411878,0.4690154581753582,-0.00709222830949191
559,2022-05-30,1.0775720539733114,-0.4298862573035469,-0.4015226140098216,-0.7820492556101278,-0.343546974515177,0.021414330456957207,-0.2108126176368623,-0.8380683541374937,-0.23867316718498902,-0.06435310017598463,-1.1029474671505322,-0.14190053831454671,-0.7683782615023986,-0.3021044891166919,-0.5677964905593769,-1.0163922131760104,1.2201806292572346,0.00817014088815066,-0.30797464909211525,-0.2937980652534172,0.5547092392241643,-0.17823744397695762,0.2156163026727618,0.0035524016043677006
560,2022-05-31,1.19756848058862,0.6184604475130624,0.14382201786624235,-0.7178976168954354,-0.33577463922218065,0.283987917941991,0.5514491143197523,0.47600904346228107,-0.3719046959568331,-0.7638681050188393,-1.0856837409452782,-0.16170945347644541,-0.8827285189407261,0.11383928555630732,0.11135533403483205,-0.9479239781628439,0.7694148603735879,-0.2673353406434933,-0.06497942421589635,0.16032385430493967,0.5383310732088001,-0.13693013759125458,0.22676404265514075,-0.0071174677688639896
561,2022-06-01,0.15558956054115158,-1.1300897843706468,-1.1954943895615502,-0.7253686854337946,-0.3461885192288157,-0.17393000976291742,-0.21326060719365542,-0.9153670245845538,-0.8434953826617689,-1.3897499514571008,-1.071872759981075,-0.20925084986497236,-0.9840910220073796,-0.14559900371637313,0.11135533403483296,-0.8230875237196794,-0.5828824462773334,-1.644862748301653,-0.6623426853699346,-0.14385721844065905,0.4771301405564137,-0.2927432525763108,-0.05413488921845627,0.0
562,2022-06-02,0.10068016340550129,-1.1300897843706468,-1.1954943895615502,-0.810467728810315,-0.3653685254148377,-0.3816984992590148,-0.21311574007875045,-0.9153670245845538,-1.035347590796715,-1.1008814069470898,-1.2195852038060346,-0.2607540292859037,-1.0542835763213838,-0.32525751312522366,0.11135533403483266,-0.6796825046239172,-1.0336482151609805,-1.553027587791116,-0.5408450729318252,-0.14385721844065905,0.4699084590896001,-0.37203168913175216,-0.16634330623715418,-0.007168489478612516
563,2022-06-06,2.170607816122305,-1.4052597260763453,-1.1954943895615502,-0.9487881519410447,-0.4108320465285998,-0.35696715110104177,-0.6325545906960782,-1.6110550586079557,-1.9271071532154442,-1.4056316130737612,-1.0202327016733508,-0.3320661238687161,-1.154386634538588,0.717782758474148,1.1716474433695034,-0.40075319034198753,-1.9351797529282546,-2.104038550854367,-0.9660867164652082,-0.44803829118625776,0.3507180385850969,-0.5903982069255779,-0.46059017040435796,0.0
564,2022-06-07,0.44001964338952276,-1.4052597260763453,-1.1954943895615502,-1.1174104567361751,-0.46753622417591095,-0.6344295848861883,-0.6238551650385878,-1.6110550586079557,-1.8815524014307492,-1.2424836346480723,-1.1782731571598555,-0.391492869354377,-1.2088571456687593,0.4544822133964822,1.1716474433695034,-0.07544856743706801,-1.9351797529282546,-1.5530275877911035,-0.6724674864064437,-0.29703411578754496,0.28483720742073854,-0.6944099109215386,-0.5278570185306881,0.0
565,2022-06-08,0.8535216817720672,-1.4052597260763453,-1.1954943895615502,-1.2813549552308987,-0.5254432992120519,-0.36420719576078975,-0.47341699898175116,-1.031315030255123,-1.6002621820851515,-0.9397695389851253,-1.145944292952737,-0.4707285300019542,-1.2732555684121458,0.8281174815605337,1.527618038637019,0.2932104632640923,-1.6647202915980752,-0.7999792716046528,-0.4902210677492794,-0.5979715149863913,0.3365616367377429,-0.7247341250838101,-0.4733311569495892,0.00359066813072854
566,2022-06-09,0.6087533383630335,-0.47506831502879693,1.2687471463223854,-1.4197053338504964,-0.566230051518294,-0.4604908193763953,-0.5126934360585592,-0.45157500190226485,-1.1217430649911633,-0.5680039036628409,-1.120081201587042,-0.5341170585200107,-1.3298767156260356,0.4686988389389552,1.5276180386370195,0.6538944750285456,-0.9885716382726146,0.05408772114340809,0.056518188222213106,-0.44642030675675487,0.3132809152742367,-0.6147817785452295,-0.2234682676908426,0.007142887512380204
567,2022-06-10,2.9483012860304654,1.1762784830178357,1.2687471463223854,-1.4484884943850165,-0.567732346815678,-0.08050769034557417,0.034880868322954714,0.7079050548034256,-0.08429762843566553,1.0401442758915371,-0.7818682713018342,-0.5856202379409332,0.1194506905170077,0.022350249116468653,-0.9746632243588349,0.6559603761983158,0.09326620704812708,1.2112107435762705,0.724755056631815,-0.2937980652534172,0.3103172090252791,-0.3304727322411396,0.23277071068978417,-0.007142887512380114
568,2022-06-13,0.9368025946785367,-0.15573864055576933,0.0739348606653983,-1.417370519039771,-0.5668038764124146,-0.5435269365381872,-0.2289030527226557,-0.45157500190226485,-0.5197673629083579,0.46744193274541096,-0.6700591556699903,-0.6727794646532576,-0.15447434446802677,-0.284368598155777,-0.9746632243588348,0.4748892086018381,0.3637256683783187,0.8806041657383208,0.056518188222213106,-0.5958294484389748,0.3049453413502519,-0.33090929696119215,0.179113468006562,0.007142887512380204
569,2022-06-14,1.14450670172478,1.3190330058627253,1.1130463226943415,-1.3164871899542687,-0.5381027797224298,-0.15820424231418778,0.6869737237387962,0.7079050548034256,-0.15434135466217327,0.7881552449072623,-0.5806118631645152,-0.6727794646532488,-0.38568293412714993,-0.5432570641317406,-0.9746632243588353,0.21516208082637456,0.7694148603735994,0.9081547138914852,0.6032574441937056,0.008233317932145053,0.31968670414305456,-0.1257967346742631,0.43839713742919784,0.0035524016043677006
570,2022-06-15,2.5308994970666445,1.4381552056050149,1.2687471463223854,-1.1088629849464893,-0.4800545075578479,0.04889184745577467,1.6587280738626409,0.8735450629042351,0.8230698895362933,1.4524899629567212,-0.35029280056381246,-0.6727794646532488,0.7951647464754907,-0.7975831750218124,0.6194194681818598,0.14361569107589423,0.653503662660658,0.467345943440862,0.7146302555953059,0.008233317932145053,0.31767762952824435,0.10012564640350738,0.6764197960692545,-0.010695289116747919
571,2022-06-16,1.1921672124146423,-0.15551197325519417,-0.9055742018841116,-0.9318292796746613,-0.44172987334238084,-0.4374932121804622,0.7509771404519846,-0.6172150100030752,0.0799966022596993,0.23836099548695952,-0.1660375504832504,-0.6727794646532488,0.37754251424804547,-0.41887494888509075,-0.20879279689004202,0.06631600485810574,0.3379676244421122,-0.10072012086007,-0.4294722615302247,-0.14440039892769524,0.2866527661557206,-0.048934196649507815,0.31551873981246875,0.0035778213478839024
572,2022-06-17,0.5909326493553629,0.41952241409770147,-0.3957880752870438,-0.7643586196564573,-0.4038524725703362,0.033359193596815565,0.7490299239731412,-0.12029498570064584,0.004070339841288047,-0.4030656288368053,-0.33615580761145275,-0.6450469834266117,0.1312674374818247,-0.6091289265352567,-0.20879279689004157,-0.007608858233387634,-0.2931044519949887,-0.8249059580289361,-0.1257282304349511,0.008233317932145053,0.2778753082231883,-0.04045063365742216,0.2584267463766195,-0.003577821347883855
573,2022-06-20,0.4089780832382018,-0.07958904540781303,-1.1197151999731323,-0.6474634551214664,-0.3788275992566773,-0.006009542885010078,-0.12448902254683111,-0.6172150100030752,-0.12606054189251792,-0.5971106580438599,-0.47225041331401446,-0.5935438040056804,-0.08782804313644314,-0.7783859509168549,-0.20879279689004232,-0.07377719008971101,-1.0336482151609632,-1.4953026297558971,-0.36872345531117,0.16196511908594538,0.25054230908865477,-0.12593589892940993,0.07459508890384672,0.0035778213478839024
574,2022-06-21,0.9311601048191193,0.5137565892889392,-0.24287095471905806,-0.6370913774210448,-0.3494465202810174,0.08879101672093281,0.6639886895991134,-0.12029498570064584,-0.047777350915009224,-0.6994390914148805,-0.42236486927973477,-0.5182699263905075,-0.3217225522548729,-0.3590456961013541,-1.1212686921659463,-0.24913885256719565,-0.8082653307191482,-0.6149970197191197,-0.06497942421589635,0.31569692023974577,0.25054230908865477,-0.07564345036505436,0.1271575145031957,0.0
575,2022-06-22,0.6718983584765787,0.5137565892889392,-0.24287095471905737,-0.5953770360716892,-0.317654738462554,0.31360024943672815,0.1759945106471597,-0.12029498570064584,0.7234570490856064,0.31247541636466203,-0.5412176626486407,-0.44695783180768633,-0.016474640150659192,-0.5583470554187804,-0.4462934182862817,-0.3782008778449047,-0.7181121769424226,-0.27651885669454723,-0.004230617996841628,0.31569692023974577,0.24860468906658198,-0.03990543871861139,0.14780873323882177,0.0035650661644961446
576,2022-06-23,0.9122032267133627,1.1263662773538454,1.2687471463223854,-0.4984142148530603,-0.2728781371968043,1.0001183422803501,0.020109883005435595,0.3766250386018058,0.8907618660169461,1.2119549788354036,-0.6362998973437649,-0.3756457372248739,-0.22012789257575108,-0.7353247076802754,-0.4462934182862814,-0.47310496371230293,0.07072791860395047,0.7198926348448615,0.4210110255365415,0.31459490015979497,0.25470656080442117,0.07987226687510848,0.28788941969943604,-0.003565066164496257
577,2022-06-24,0.9304145899724521,0.5222040533497027,-0.2380427920522782,-0.36090236828189604,-0.2337363487256838,0.6749697831444412,0.05696130511570192,-0.12029498570064584,0.5658314279045121,0.5438022451648916,-0.7123656850998643,-0.3716839541925047,-0.40073456791989387,-0.8922745476879483,-0.4462934182862813,-0.542834257156694,0.2961108030457707,0.6831585706406436,-0.004230617996841628,-0.14385721844065905,0.27976891921590796,0.05636377348178748,0.18928683559776555,0.0
578,2022-06-27,2.0498527647861207,0.5222040533496998,-0.23804279205227927,-0.23679557809349763,-0.19928655447828342,0.6555605300463874,-0.22107486820750716,-0.12029498570064584,-0.011051903295984156,-0.3725215038690185,-0.7732183153047439,-0.3241425578039601,-0.5607016529096056,-0.392137620127453,-1.091346126029248,-0.6778347135573085,0.43134053371086495,0.4627541854153403,-0.004230617996841628,0.16141410904596526,0.3179399398550205,0.041694304874843865,0.12340038147257433,0.0
579,2022-06-28,0.3299194238185424,0.17608541085241958,-1.1954943895615482,-0.18365220564151663,-0.1687835530041815,0.6645114452426674,0.008251369646685762,-0.12029498570064584,-0.16175287800870336,-0.5061520506030553,-0.8219004194686474,-0.32018077477158213,-0.7022166327955373,-0.5927578563118584,-1.0913461260292479,-0.83511633829064,-0.13211667739369953,-0.48773972586881104,-0.06497942421589635,-0.14385721844065905,0.3185966751515286,0.03301191580279248,0.07949374689600257,0.0035650661644961446
580,2022-06-29,1.08684510499692,1.1286614883231105,1.2687471463223854,-0.12950560530702643,-0.12959541914036346,1.2193406593223115,0.022225465038040182,0.12816502645059294,0.783553236098653,0.8339714323588926,-0.8608461027997703,-0.32018077477157336,-0.3205555588616161,-0.77003075013163,-0.5327788453658641,-0.918355464073849,0.09326620704812737,0.008170140888141145,0.23876460687937728,-0.14331789029748668,0.3367813967209015,0.12273696801624742,0.1890523913154642,0.0
581,2022-06-30,0.8476231123697735,1.1286614883231105,1.2687471463223854,-0.05910917789247343,-0.08679464093917606,0.8643639840570142,0.019018863577572057,0.12816502645059294,0.6573512433712989,0.6652845603776794,-0.8920026494646685,-0.2607540292859037,-0.4931768521468741,-0.9264991920819092,-0.5327788453658637,-0.9570227740022437,0.3186490914899545,0.46734594344087327,0.17801580066032255,0.31459490015979497,0.334644072457334,0.1735878535876817,0.21954440077747842,-0.003565066164496257
582,2022-07-01,-0.25307755623323036,-0.27096007793163407,-1.1954943895615502,0.016222772280644438,-0.055889867599831104,0.691274093046228,-0.3793293883830148,-0.45157500190226485,-0.15481270154172674,-0.2852525753894999,-1.0756891153929093,-0.24886868018877856,-0.6114594757982965,-1.033713646801267,-0.5327788453658634,-0.9697928464595373,0.3186490914899545,0.2836756224197798,-0.1257282304349511,0.008233317932145053,0.334644072457334,0.10430092669904555,0.06730488717259069,0.0035650661644961446
583,2022-07-04,0.32760771599974453,1.1102392114838058,0.8980495095556575,0.12592627055737457,-0.02154855174484358,0.6733197938380576,0.1321977044953085,0.12816502645059294,0.19705896654552352,0.30381269184651166,-1.2226382881355022,-0.19340371773546924,-0.7197519674915653,-1.1318727853853967,-0.5327788453658637,-0.9683075877615928,0.3186490914899545,0.19184046190923287,0.17801580066032255,0.31459490015979497,0.38328660052655983,0.15426327975320483,0.12084002881389629,0.0035524016043677006
584,2022-07-05,0.19833998634405484,1.4381552056050149,1.2687471463223854,0.23945352500598904,0.02518291803995941,0.8928472418458231,0.660041851918397,1.1716970774856892,1.2047537047251184,1.0892330481610968,-1.1814363977332545,-0.1419005383145555,-0.28797453590191424,-1.248661698560693,0.4240626248592353,-0.8353540660556824,0.7694148603735879,0.8346865854830307,0.4210110255365415,0.3135007516518351,0.42653550023994663,0.2741032260451346,0.2664059658063235,-0.003552401604367772
585,2022-07-06,1.8353332711345893,0.31435902602596266,-0.3150852131759632,0.32867545101191514,0.06467171444561826,0.80591363190433,-0.059127696288761335,0.9977750689798672,0.6444973367045652,0.3038126918465257,-1.148474885411456,-0.10228270799076691,-0.47262480704371534,-1.3507672326903293,0.4240626248592353,-0.6461782486686397,0.99479774481543,0.9724393262488812,-0.004230617996841628,0.16086703479199008,0.4972205418961614,0.24209472607730823,0.1596029022708775,0.0
586,2022-07-07,0.1755148213551228,0.31435902602596083,-0.3150852131759632,0.4499810644159602,0.09738438346258237,0.5091947236546223,-0.3469390269929627,0.9977750689798672,0.5760071176001356,0.3038126918465257,-1.1221056755540173,-0.07455022676412984,-0.6339676888127401,-1.4399845461509193,0.42406262485923557,-0.4437605104146556,0.7694148603736178,0.375510782930351,-0.004230617996841628,0.008233317932145053,0.5317082367894687,0.21412389294312298,0.08009684798982614,0.0035524016043677006
587,2022-07-08,0.5592460833929747,1.360405712447315,0.9317209253918531,0.6313565182903906,0.13596678923914346,0.9762326084895502,-0.10207687644987082,1.1716970774856892,1.7305074811666439,1.6024338491622803,-1.1010103076680664,-0.023047047343198516,-0.20531442743357423,-1.5178986219284036,1.1764337712539088,-0.1533597468428569,0.31864909148997095,-0.26733534064347775,0.29951341309843205,0.3135007516518351,0.519966748607075,0.2842301283216316,0.16069022469488856,0.003539826705124208
588,2022-07-11,2.346405985311068,1.4381552056050149,1.2687471463223854,0.8311502356954316,0.18756380101488723,1.4119885553559754,0.8051995127776316,1.1716970774857138,2.4989339255349043,1.5555763847230384,-1.0841340133593056,0.048265047239631514,0.1701934591654565,-1.5859071957376896,1.6323389797500183,0.21745702037729678,0.6567234181526939,0.49030473356849896,0.4716350307190871,0.46613446851168966,0.5261204147125397,0.4105321200373361,0.30778697181909087,0.0
589,2022-07-12,2.61497486835016,1.4381552056050149,1.2687471463223854,1.0730787039262055,0.24343030149779804,1.9171644584589642,0.24359536880794921,0.7079050548034256,2.0549214591300116,1.2978603303072345,-1.0706329779122967,0.10373000969291443,0.4990692074431844,-1.6452414835955005,1.9355685867220582,0.6384283157104453,0.791953148817774,0.7290761508959014,0.3501374182809776,0.46613446851168966,0.5016355488402816,0.47083961071360947,0.32843567838240634,-0.010657294473988093
590,2022-07-13,3.4383824696240004,-1.4052597260763453,-1.1954943895615502,1.2463143895032958,0.2616471450987556,1.198129626650338,-0.38580496682535864,-1.031315030255123,0.0878243018323426,-0.5061520506030983,-0.7423096923620381,0.10373000969292323,0.08735537113535176,0.38032907387623704,-1.2157827673423682,0.6411884363982531,-0.10957838894950044,-0.7494699333238388,-0.6015938791508798,-0.14385721844065905,0.49166064988788466,0.20538773656911138,-0.13399442478983611,-0.021661496781179193
591,2022-07-14,5.531907895916435,-1.4052597260763453,-1.1954943895615502,1.174516550967731,0.18304659107534885,0.45370168546112216,-0.5105642845006362,-1.3211850444315267,-2.9883380349650466,-2.011213808391134,-0.00336737813285738,0.008647216915834121,-0.35999885695716793,4.039588963391529,1.0530675965400058,0.7251276181912811,-1.0111099267167862,-1.72292263473561,-2.353184458466958,-1.0564004366774506,0.191688811554763,-0.5285051512828509,-1.1926658667074783,0.007272759329079657
592,2022-07-15,2.930572366142256,-0.6702339726356452,-0.5314829044444549,0.9344138971726488,0.07462332514507039,0.6182423225898378,-0.3068517537102418,-0.7414450160786942,-1.6743857958346204,-0.854416989002729,0.2702640160578354,-0.027008830375585293,-0.6157696547636827,2.900276540132526,1.053067596540005,0.8436325101977448,-1.4844139840446136,-1.6632297804037641,-1.3305795537795366,-0.6023015495072398,0.06683165323546442,-0.7580048346548871,-1.2980168020298368,0.01438873745209967
593,2022-07-18,0.43879255916358995,0.49614424245165994,0.39174879028109527,0.5977389798828656,0.0032982262461672294,0.4404006562676811,-0.31219423912336963,0.41803504062699637,-0.7921739238094254,-0.29310677895269455,0.3304079028140674,-0.030970613407945678,-0.3668042021783889,2.1083853103544814,0.4371278546115895,0.8900739320053249,-0.6955738884982453,0.021945414964718375,0.23876460687937728,-0.14385721844065905,0.08279883428685868,-0.48374911767058354,-0.6416490662559088,0.014184634991956381
594,2022-07-19,1.0954906300417402,1.3593095478805253,0.96601604477,0.3650063095780111,0.007512104771909697,0.9612707774204533,-0.3676761943533169,1.5775150973326868,0.6664444000524711,0.6678877528465188,0.5372842408153757,0.01657078298059008,1.0116979646297846,1.3710516681874383,-1.2037884411114874,0.6827632304348232,0.5440319759317632,1.6612030300779275,1.6258623488811272,0.31133573439140855,0.0638897988203903,0.08291895262870808,0.31336560766567145,0.003514942107444592
595,2022-07-20,0.2520039454298802,1.4381552056050149,1.2687471463223854,0.37318325622315945,0.0696217721971366,0.8928984376970809,-0.2653715594003839,1.599812790730885,1.4344531907091171,1.1987387709166204,0.22650162542744817,0.10769179272529242,1.5345179195099998,0.9881968836634228,-0.5857037108824774,0.443214335078433,1.4542320861775804,2.1327412580839993,1.868857573757346,0.6165954634233425,0.034730306038132215,0.5181895775687451,0.8841897032716807,-0.010582109330536972
596,2022-07-21,0.3150021349522883,0.7198174033544379,0.5769181981012285,0.4912412262974843,0.12683061942026555,0.3268071281689398,-0.05278699667775018,0.797095828396169,0.7335225421367879,0.6491268140193317,0.2953979903097575,0.13542427395195586,1.0283065990112175,1.5648146470308182,-1.2586801962280447,0.11933680111159793,1.4767703746217653,1.2889174178544263,0.6538814493762513,0.16032385430493967,0.03830204773226459,0.47728245635926325,0.6407466571494186,0.010582109330537008
597,2022-07-22,0.5680130932721283,1.2693175912710906,0.9433353009287185,0.6742607698009683,0.21346130932844937,0.8328200392347986,3.5484079114535856,1.599812790730885,0.9141638915413178,0.6771639175594585,0.3505150822156051,0.18296567034048283,0.6062989594079452,1.0118663529269973,-1.2586801962280443,-0.22112656610817188,1.3415406439566762,0.7160073011309572,1.0689982918731253,0.4628869426210498,0.026040214887621756,0.7168171132184449,0.8583129172383134,0.0035026305512020745
598,2022-07-25,-0.6076017665173631,1.4372978394822908,0.9593504648737364,0.8404480028783298,0.32400590985941125,0.7387839598062703,2.532579017929122,1.867385111509116,1.0176561348587356,0.8468572350796856,0.07708629854763187,0.23446884976140536,0.34730286969597596,0.6725088803456326,-1.2586801962280447,-0.5422591652145597,1.4455635136990521,0.9102739868263328,0.8260030669969063,0.461280392710479,0.006823402953645709,0.9265060856138135,0.988485182914651,0.0
599,2022-07-26,0.13432796654950857,1.43729783948229,0.9341529056867717,0.9709475681310401,0.4411254647159997,0.9761867898147616,1.1566162587018531,1.403593088826839,1.170783346282506,1.2855881372398492,-0.141656728386747,0.28201024614994114,0.9450922734322843,0.36789405670902203,-0.5248606079834275,-0.7319736682405967,1.5357166674757805,1.051558849150247,0.4716350307190871,0.461280392710479,0.003778481862887291,1.0145321265656526,0.9137475617178863,-0.007017572658646535
600,2022-07-27,-0.390621112481055,0.9345593078054332,-1.0871123629329287,1.0772243575083678,0.5293741268607426,0.5598520933687386,0.053108070332234435,0.939801066144562,0.6511190461995565,0.06082326911163023,-0.15788992133792065,0.34936055770036684,0.5851376655769714,1.1163587819114613,-1.1678356781144583,-0.9226889217066094,0.769414860373589,-0.12039908382662017,-0.23710104183655145,0.6187681853715252,0.016638862785308375,0.8363418834982973,0.46255185988968583,0.003514942107444592
601,2022-07-28,0.0024269001611013155,1.1329930333777973,-0.17494001092279024,1.1442750340740577,0.6049379512447071,0.7551769829885947,0.020038069708975752,1.1716970774857058,0.5017332799933418,-0.1870750308502365,-0.1708764756988665,0.5514114923516702,0.27393942255017745,1.226709411141186,-0.7895415673810802,-1.0491968009003048,0.09326620704813313,-0.8091627876556919,0.11726699444126783,1.723969989203402,0.02627891318009315,0.7883059264752176,0.29295518177675656,0.0
602,2022-07-29,-0.056183851459467325,1.1329930333777973,-0.25235178974724765,1.1689079375789024,0.6661123397016075,0.49544434419533817,0.5533374640948361,1.1716970774857058,0.45699615623131024,-0.5061520506030811,-0.18126571918762324,0.713844596679185,0.004845295138495315,0.7866035921054315,-0.7895415673810804,-1.1326186418576185,-0.26734640805877674,-0.735694659247254,-0.06497942421589635,1.4018455153481324,0.06046122245160067,0.7266388852132164,0.1372366806802215,-0.0035149421074446084
603,2022-08-01,-0.2827102419029248,0.8612242873941968,-1.1954943895615502,1.131732259570137,0.7005478880416387,0.6162994177068651,-0.2514494330443579,0.939801066144562,0.2915092843966217,-1.1428623026890388,-0.34833834257495117,0.7811949082296193,-0.19070246914235525,0.4667834987156926,-0.7895415673810808,-1.1872478640447526,-0.44765271561223774,-0.5703913703282849,-0.35859865427466087,0.6187681853715252,0.08455974950120795,0.5650366824746681,-0.1342682092773864,-0.010619568827460261
604,2022-08-02,0.527952813656847,0.13604844971528826,-1.1954943895615502,1.0162095071607142,0.6783646955188395,0.39640713528836796,-0.5947764291942402,0.24411303212115196,-0.26612942858798205,-1.7680720411905706,-0.16447398409216193,0.7178063797115717,-0.43141838734859783,1.6716631653779177,0.3247696306323504,-1.077952016725471,-0.9306160394161396,-1.0387506889320601,-1.1280835330493542,-0.44321852066739753,0.0703400417329296,0.16132303443061352,-0.7074374861912833,-0.003565066164496257
605,2022-08-03,-0.1859314025111948,-0.5827176811712448,-1.1954943895615502,0.8356431214766034,0.6092655231363103,0.23785023642586278,-0.7098043352337438,-0.45157500190226485,-0.6314015296654091,-1.1801786544596362,-0.1761437259022523,0.6266853699668694,-0.6051248112153331,1.1730128318736854,0.3247696306323504,-0.893943039847347,-1.4715349620765104,-1.5399082791467436,-1.1382083340858633,-0.7415463438355197,0.050601742705813975,-0.1821615855593776,-1.0774209273537592,0.021202207650602906
606,2022-08-04,1.518667755590293,0.9948291932706883,1.2687471463223854,0.6765130069228821,0.586357817549692,0.27177473100955524,-0.3173782705734327,1.2876450831562707,0.13900228611762466,0.3529014641161432,0.29080416643864904,0.6900738984849171,0.32798026585770107,0.5536934057069401,-1.2330757979021352,-0.8892372964478013,-0.38969711675576846,0.4201164323211605,0.886751873215961,0.6144381508506815,0.06507861796309056,0.1867048121081486,-0.32607061758753236,0.0
607,2022-08-05,-0.4002586180076653,0.9948291932706871,1.2687471463223847,0.5810874162493725,0.5910573790114838,0.2790887991653119,-0.486663868043254,1.0943984070386537,0.6457604373597142,0.9316322529796297,0.029317565926066876,0.6979974645496818,0.10256512791222276,0.268599010846512,-1.233075797902135,-0.9763969369372887,0.769414860373589,1.85274493628564,0.8260030669969063,0.158189250285678,0.0711495178043448,0.40345572651045364,0.05136120482205261,-0.007017572658646535
608,2022-08-08,0.06288527005348044,0.11741857706765549,0.38393160847696395,0.5682116536268544,0.58637541266427,0.2503180557553191,-0.6173545779004544,0.1281650264505801,0.046833239308964186,0.4829203744520676,-0.021110485887676864,0.6544178511935153,-0.13775962555564597,0.4751948797610074,-0.8537570280853037,-1.0540291019474257,1.67094639814087,2.2253333017855614,0.17801580066032255,-0.29062990389132815,0.07622044958738203,0.3299267322342496,-0.07347858690825011,0.0
609,2022-08-09,-0.7617328096056282,0.11827933219870787,0.38393160847696395,0.6210235699890191,0.5745383236583462,0.056371520305450354,-0.5160581022331637,0.1281650264505801,-0.11510733821665467,0.315753204020216,-0.2202141559349941,0.6029146717725927,-0.31397155171052493,0.19567415546604475,-0.8537570280853036,-1.1204629904876788,1.2201806292572301,0.7428514249724965,0.17801580066032255,-0.29062990389132815,0.08157895801598006,0.27300034732434975,-0.1489403644411261,0.0
610,2022-08-10,-1.0439490716959596,0.11827933219870787,0.38393160847696395,0.6295173235824508,0.5573952080640947,-0.12076739249950592,-0.30891894487282845,0.1281650264505801,-0.5313290778995166,-0.21980087902996226,-0.37949709197284776,0.5949911057078368,-0.4721642630339411,0.4813131362960166,-0.3593381621518664,-1.1115235715649507,0.7694148603735902,-0.08366501962240014,-0.004230617996841628,0.008233317932145053,0.13887820729110528,0.2286107652142993,-0.19087749972321313,0.003514942107444592
611,2022-08-11,-0.301042216004734,0.5524087770551265,0.2759729114470588,0.6233723363107577,0.5484331279762896,0.36947432802963076,0.2744439988662229,0.5629700477152237,0.28030331448204504,0.5438022451648385,-0.34816221220680815,0.5751821905459381,0.18642066195489201,0.1413216918912326,-1.017700353957524,-1.1503949814003431,0.8821063025945075,0.4443871533132377,0.056518188222213106,0.008233317932145053,0.5032899644934025,0.2881567952877869,-0.07161543948703958,-0.007042282625412923
612,2022-08-12,0.2906011630834725,-0.42469470154823397,-1.1954943895615502,0.56362794892076,0.5194292656779843,0.15544938574032183,-0.5472862912937244,-0.3066399948140442,-0.6353845128202551,-1.1361246280638282,-0.1643330797976471,0.5236790111250331,-0.11003390886363414,0.8472357588913386,-0.6021175105515891,-1.1564924358145579,0.5214936874875973,0.06786299522000734,-0.48009626671277034,-0.29167854677492083,0.8164041562036591,0.12468194482263567,-0.3041031735624706,0.0
613,2022-08-15,-0.537452577609925,-0.24422857239252596,-1.195494389561549,0.4709095495354826,0.4786303972224659,-0.064061906216427,-0.5503485965499276,-0.12029498570063298,-0.5000396813848834,-0.8029159920515067,-0.3347922310629698,0.4840611808012533,-0.2908957060487062,0.5236142743270977,-0.6021175105515891,-1.145370733020888,0.16088107238068688,-0.3453952270774413,-0.2978498480556061,-0.14225062826769774,0.9234946219713178,0.022414428695760526,-0.40010302154862487,-0.0035398267051241737
614,2022-08-16,-1.0492393429349705,-0.820859486805802,-1.1954943895615502,0.36373260246313516,0.41997711323794507,-0.4942510697891604,-0.4678383693949657,-0.45157500190226485,-0.5987857046757527,-0.8927261322267424,-0.4711595520752284,0.4880229638336049,-0.4530345075848946,0.23349441222645181,-0.6021175105515888,-1.1263716400430874,-0.582882446277332,-1.1122188173405025,-0.5408450729318252,0.16032385430493967,0.8821583424375837,-0.13277160142187475,-0.554706566432733,0.003539826705124208
615,2022-08-17,0.15622320446123797,-0.1937038587292019,-0.04472240101728368,0.19602023584827938,0.3650531544499657,-0.3309950621946835,-0.16970573243592926,0.12816502645059294,-0.5135635158399005,-0.7270515258165743,-0.421492180288713,0.527640794157411,-0.6260688019417532,0.4699977709997537,-0.10688773370475922,-1.0405623337370389,-0.582882446277332,-0.662226530838833,-0.1257282304349511,0.46613446851168966,0.8651087020480804,-0.12430551831400258,-0.437779198492406,-0.0035398267051241737
616,2022-08-18,-0.717029012545631,-0.7960124862648235,-0.9160208367257618,0.03549204496718125,0.3029862597699341,0.04109562046886299,-0.3522041980673756,-0.45157500190226485,-0.6353845128202438,-0.9149430334694704,-0.38175828285950075,0.4365197844127088,-0.7753619150632782,0.1287158182909204,-0.10688773370475876,-0.9276710252272757,-0.7857270422749799,-0.6484512567622605,-0.35859865427466087,-0.5894931257148013,0.8651087020480804,-0.2061154193552985,-0.47696594736117,0.003539826705124208
617,2022-08-19,-0.9066825707897451,-0.1465959783229952,1.2687471463223854,-0.11641407008714937,0.2517593084311831,1.234373812420596,-0.4275392909285709,0.12816502645059294,-0.5573429366297338,-1.0215841594345116,-0.5087323935124528,0.36916947286226554,-0.8834832206099418,-0.11844796250824585,-0.10688773370475876,-0.8101779856755982,-0.1546549658378718,0.3341849607005804,0.11726699444126783,-0.4400615148030624,0.8502401851396321,-0.15007722228112028,-0.30564360373406874,-0.0035398267051241737
618,2022-08-22,-0.8484651153954369,-0.7729425674125494,-0.3538351574687212,-0.24636501800831953,0.19787223661985107,0.402289490291217,-0.292631835981004,-0.45157500190226485,-0.6144181192168124,-0.6779627535467825,-0.769072910631137,0.3176662934413518,-0.960426355833469,-0.29433888532161206,-0.10688773370475907,-0.6999283926985911,-0.24480811961460877,0.031128931015771796,-0.18647703665400583,-0.29273457446755,0.8272157670711673,-0.202001924596981,-0.3273186331513268,0.0
619,2022-08-23,-0.9986404724391352,-1.3449468451815587,-0.3538351574687212,-0.35832455265316787,0.14545464955814608,0.0904666177338926,-0.29445810479668855,-0.45157500190226485,-0.7454103415479193,-0.5061520506031584,-0.9773453243260845,0.27408668008518516,-1.031229640684386,-0.45619419670795275,-0.10688773370475861,-0.6023744025027019,-0.1321166773936981,-0.028563923316081707,-0.1257282304349511,-0.29273457446755,0.813708490006144,-0.22248929098880132,-0.29843778207481825,0.0
620,2022-08-24,-0.48823985781375473,-1.3449468451815567,-0.7498902088482431,-0.4583232147678988,0.09710167870570877,-0.2827585589608586,-0.1169332547593334,-0.9153670245845538,-0.8851175566300247,-2.0524483770972175,-0.9852020266857201,0.23446884976139656,-1.114023262080991,-0.024176297856689708,0.5727226779255166,-0.4309638550555434,-0.5828824462773519,-0.6805935629409602,-0.1257282304349511,-0.29273457446755,0.787505082159413,-0.22307552615658885,-0.2460733798068101,0.003539826705124208
621,2022-08-25,-0.5656248232927722,-0.06370920490958001,1.2687471463223854,-0.5303414538877741,0.06623621538782683,-0.3770939972132151,-0.24347959909268538,-0.2196789905611209,-0.5967660008909366,0.4216257452937223,-0.9914873885734284,0.17900388730810485,-1.1874392032119805,-0.26657773617307123,0.5727226779255166,-0.23586408839423997,0.31864909148993553,0.7428514249724862,0.23876460687937728,-0.29167854677492083,0.7868046620501703,-0.11720060325553538,-0.04765689513109748,-0.0035398267051241737
622,2022-08-26,-0.9655808656512909,-1.2869416875871076,-0.8866666987470316,-0.5805375635549254,0.03611773307130223,-0.233920637523837,-0.19584138918352212,-0.9153670245845538,-0.5375974775935374,0.4216257452937223,-1.1552769066799176,0.15127140608145898,-1.2383245614983844,-0.4345887137325782,0.5727226779255163,-0.04460449696337722,0.5440319759317477,0.8806041657382927,-0.1257282304349511,-0.14278237366064084,0.7730453062785898,-0.14044933365515302,-0.07876829863886442,0.0
623,2022-08-29,-0.4769129264974521,-1.2869416875871076,-0.8866666987470331,-0.6361484220679595,0.008602013208807152,-0.5418648373675178,-0.3866486132756526,-0.9153670245845538,-0.8851175566300562,-1.0215841594347863,-1.1275472925687866,0.11957714182241756,-1.298305866023371,0.03421735024992315,1.1799205010862381,0.20797217901985612,0.7694148603735596,0.7428514249724657,-0.06497942421589635,-0.14278237366064084,0.7549109621887761,-0.14631067706208528,-0.07809354300665823,0.0
624,2022-08-30,-0.7426291009087344,-1.2869416875871076,-0.8866666987470331,-0.653480714202929,-0.015252658622652826,-0.69915443687724,-0.18952308788694056,-0.9153670245845538,-0.3895842728500743,0.5247121670600974,-1.264124829876204,0.11165357575767039,-1.3393685276438356,-0.16543606674986908,1.1799205010862375,0.4712145776536278,0.09326620704808412,-0.4050880814093487,-0.06497942421589635,0.008233317932145053,0.7821229093513811,-0.1414055187303154,-0.06172424429506449,0.010582109330537008
625,2022-08-31,1.7214591557747358,1.4381552056050149,1.2687471463223854,-0.5527357340609931,0.0008676132215458108,-0.2700417095975922,0.5952411685487771,1.867385111509116,2.4347281358498383,2.0710084935545385,-1.055864402529486,0.1314624909195603,-0.34865616842676644,-0.4526679249871082,-1.0410697818163335,0.42985022937106576,0.7694148603735596,0.7428514249724819,0.8361278680334154,0.3102647011177074,0.8681389919727729,0.1530129543390677,0.377029356384755,-0.007042282625412923
626,2022-09-01,-0.758258692940327,-0.4666872929949645,-0.49506467901287515,-0.3881604492820875,0.01667179743369295,-0.227242203618027,0.24822101719970838,0.1281650264505801,1.5374896085164071,0.8773762415236601,-1.0480172892484414,0.14334784001668543,-0.5204293086125031,-0.6511340589686383,-1.0410697818163328,0.23645095701140012,0.7694148603735745,0.7428514249725031,0.056518188222213106,0.1597845261617863,0.8982389505871672,0.13743436462742792,0.272257758996127,0.0
627,2022-09-02,-0.40727589667576664,-0.4666872929949645,-0.49506467901287515,-0.15460919196906808,0.031583395220356254,-0.4684636553732352,-0.060529778890881264,0.1281650264505801,1.284976479233792,0.5983453254644923,-1.0417395986236058,0.1314624909195603,-0.6714249314992238,-0.8255939162551543,-1.041069781816334,-0.018729458460284877,0.7694148603735895,0.46734594344088065,0.056518188222213106,0.008233317932145053,0.9456009594579016,0.12399415248102152,0.19158443964300378,0.0035273405179684406
628,2022-09-05,-0.727904964189155,0.4044420416301062,0.2155695250217817,0.08637978024179245,0.0571984110039824,-0.3174360779137532,0.46641677668624765,0.9977750689798287,0.7084533601192968,0.18109076117229583,-1.0367174461237372,0.15523318911384576,-0.8040409217075793,-0.2798910871396227,-0.46364809005499924,-0.2095790505399235,0.3186490914899424,-0.17550018013294846,0.2893886120619229,0.31133573439140855,0.9456009594645294,0.20684437814718534,0.26861720303202963,0.0
629,2022-09-06,-0.6041189099359228,0.4044420416301062,0.2155695250217817,0.26310852941307916,0.08782556732089926,-0.09549397985258999,0.4794330239399149,0.9977750689798287,1.1089819740918812,0.7824282214758167,-1.032699724123842,0.17900388730809605,-0.37634918604828377,-0.5026103263014366,-1.0165423607453263,-0.42386130266109595,0.544031975931756,0.3295932026750302,0.17801580066032255,0.31133573439140855,0.9456009594645294,0.24984311975571924,0.2716516026523457,-0.0035273405179682992
630,2022-09-07,-0.2910018003441102,-0.6623837560709595,-1.1954943895615502,0.37386491784323284,0.10763988572999403,0.015708817771253988,0.040435851401734606,0.1281650264505801,0.41741165225997384,-1.0215841594345116,-0.8707243179275965,0.19088923640524758,-0.5840783748113856,-0.05200133002490106,-0.654612738872599,-0.5855833306015379,0.3186490914899424,0.1000053013986856,-0.24722584287306057,0.1597845261617863,0.947413669762649,0.17245851173924784,0.09708499913054071,0.0
631,2022-09-08,-0.6185922110623094,-0.6623837560709595,-1.1954943895615502,0.43506757029404336,0.11961379609207376,0.2913460905894529,-0.48261804321514823,0.1281650264505801,0.3549361781493805,-0.6779627535467825,-1.058666450163259,0.18296567034049163,-0.6947914940312725,-0.24515612237701617,-0.6546127388725985,-0.707287119434224,-0.13211667739368455,-0.5428408221751033,-0.1257282304349511,0.008233317932145053,0.9767892299809037,0.12012349085425468,-0.005739023451820053,0.0035273405179684406
632,2022-09-09,0.6195025612225401,0.3862526901026661,1.2214194691492726,0.5286870306696715,0.13794830749450862,0.16447060464294624,0.11959770478677946,0.9977750689798287,0.8293958402944667,0.9714199947140776,-1.0502589273554597,0.20673636853475072,-0.2694204977251096,-0.47481041925731504,-0.8931627943728491,-0.8296317411002949,-0.13211667739368455,-0.2673353406434795,0.17801580066032255,0.31133573439140855,0.9711558812252602,0.1796360040576067,0.07644606321159367,0.003514942107444592
633,2022-09-13,0.6742852295741731,1.3486277734598917,1.2687471463223854,0.6527278374263827,0.17077302739992617,0.5823971328436407,0.7977674667087054,1.1716970774857138,1.4724540220875848,1.6128466190376989,-1.04353290910922,0.2503159818909085,0.1044806085493692,-0.6757218323100859,-0.14338635924864496,-0.8449022764748545,0.43134053371086667,0.719892634844863,0.41088622450003237,0.4628869426210498,0.9456009594579016,0.30413274058018075,0.23773745863534682,0.0
634,2022-09-14,0.5054431596405373,1.347696661457448,1.2687471463223854,0.8274874709714515,0.21002324357231994,0.9446511107005361,0.2934801309552057,1.1716970774857138,1.2980326005454426,1.0401442758915191,-1.0381520945122287,0.29785737827946185,-0.13053143450452132,-0.8513807930447312,-0.14338635924864496,-0.8042966016701077,0.9947977448154179,1.2938623880357643,0.3501374182809776,0.4628869426210498,0.9471842566367377,0.36802603875324325,0.2776681163030764,0.006993035490970604
635,2022-09-15,1.3972274948288015,1.4381552056050149,1.2687471463223854,1.0743409344232893,0.2741386837143713,1.5387233027769216,1.0269071744996126,1.867385111509116,1.909777859071231,1.3433396340276929,-1.0338474428346351,0.3137045104089738,0.2306745200148365,-1.0048732865909957,0.49580986136754485,-0.6554506697588962,1.4455635136990652,1.4775327090568613,0.886751873215961,0.308145182639211,0.8741638706546002,0.5812968550650315,0.529235563163513,-0.006993035490970637
636,2022-09-16,1.5896568504387008,-0.10596983361470821,-0.6348640961153353,1.299673306505314,0.32469702143725354,0.7890419046794029,0.3738376165597804,0.3766250386018058,1.3690517598630385,0.8608635423848917,-0.8716424928962384,0.3374752086032505,0.47407108572589046,-1.1681805374677066,0.969579949080257,-0.4019768442563587,0.9722594563712376,0.38928605700690483,0.056518188222213106,0.3102647011177074,0.8963366181243559,0.49784731233616497,0.2942351719155865,0.006993035490970604
637,2022-09-19,0.47965953303851233,0.9147780991179612,0.010892609615803142,1.4660750340249928,0.38686121111028554,0.8949558376629708,0.8204441125442157,1.2876450831562836,1.2313491089682138,0.7947004145431442,-0.900639761541843,0.396901954088929,0.19373807311248845,-1.2797506844090525,0.969579949080257,-0.11581318124824973,0.9722594563712376,0.39846957305795805,0.5323838369381418,0.6122960843032696,0.8604973790773859,0.6163583336596485,0.40316822279537806,-0.010507977598415206
638,2022-09-20,0.2807984731418328,-1.368755453385223,-1.1954943895615502,1.5632271193352154,0.4152206744923171,0.8967726765108047,-0.001324601717217635,-0.45157500190226485,0.5048896281859635,-0.40306562883681624,-0.6063151192656747,0.39294017105654216,-0.15456117944251999,-0.7398793002114367,-0.352490148988326,-0.008099562495799226,-0.3800378502796837,-1.3372149605913202,-0.5408450729318252,0.008233317932145053,0.8951685399312105,0.37968799021638827,-0.031892223384298084,0.00701757265864654
639,2022-09-21,0.1397502105222201,-0.227582315248822,-0.3890848163808879,1.5708130583035536,0.4440094778079554,1.2482256569238916,-0.051490794848703364,0.7079050548034256,0.434899960649998,-0.5252421287078305,-0.37085540544474027,0.42067265228318806,-0.4308127811467448,-0.3239070064940975,-1.2298891165210653,-0.11421975005118906,-0.10957838894950418,-0.4004963233837787,0.11726699444126783,0.30920121033184017,0.9242897583130117,0.4107868494430477,0.01374820968313906,0.0
640,2022-09-22,-0.36055842293731577,-0.227582315248822,-0.389084816380887,1.5601936515112391,0.469953436176494,1.4054248884787746,-0.038368412685822,0.7079050548034256,0.7419438453532887,0.21545290176110826,-0.5000100915806446,0.4563286995745899,-0.5887401177603404,-0.5336576075641527,-1.229889116521065,-0.32077594592238423,-0.3124229849471524,-0.24896830854139346,0.056518188222213106,0.461280392710479,0.9629306777838742,0.4135427884213008,0.008589259114431196,0.0069686693160934355
641,2022-09-23,1.5894593283339566,0.814039753345516,1.1897449821998891,1.5805584227687934,0.5149950430452789,1.6090404031600418,-0.0191910262671518,1.3704650872066677,1.5012204175518697,1.8132924391388645,-0.44457261189303887,0.49990831293075644,0.23494447830399412,-0.7574290458803704,0.10924330065616959,-0.3877282395820578,0.814491437261944,1.3305964522399616,0.7045054545587969,0.7633117758960413,0.9397084933134342,0.5878617173222938,0.25670330205373,-0.010471299867295366
642,2022-09-26,1.1318224614320718,-1.1373898974899315,-0.9848490013525972,1.6100253443809296,0.531435239524739,1.2203506340580432,0.04691220500298886,-0.12029498570063298,0.6385914876955867,0.1967099159853672,-0.24146139954663193,0.4840611808012357,-0.09969962027715801,-0.3621817535941692,-0.8070911162734309,-0.49704211355137856,0.4538788221550338,0.43979539528769523,-0.35859865427466087,0.15871726413199733,0.9986555607554062,0.386174026429707,-0.09763076877081207,-0.007042282625412923
643,2022-09-27,0.01667733342594037,-1.4052597260763453,-1.1954943895615502,1.55922314802781,0.5041261033028349,0.7145495060403794,-0.402804635333412,-1.1141350343055072,-0.8083415195128242,-1.365205565322309,-0.23773365826583565,0.4325580013803308,-0.3334197305190313,0.610921724911539,-0.47122873208732713,-0.5754089747873299,-0.35749956183551634,-1.029567172881004,-0.8344643029905896,-0.29167854677492083,1.0313206190363695,0.060502213572232046,-0.5633861992393091,0.007042282625412951
644,2022-09-28,0.12195137130489735,-0.558288037688236,-0.2013411518048174,1.4406016599058469,0.47443697787102673,1.188867563464272,0.04964842599224178,-0.45157500190226485,-0.5002677540426457,-0.6779627535469428,-0.23475146524119866,0.428596218347944,-0.5323606856977737,0.23160244563138865,-0.47122873208732713,-0.6315892490176066,-1.033648215160972,-1.5162935235868822,-0.18647703665400583,0.008233317932145053,1.1010405013318,0.05183911992851476,-0.46990714848930426,-0.010582109330536972
645,2022-09-29,0.12286644052466346,-1.4052597260763453,-1.1954943895615502,1.1790966909591023,0.4081473350321789,0.842027389547055,-0.393998701820587,-1.6110550586079557,-1.4134706754364028,-1.0215841594345572,-0.07360448222515917,0.34143699163561964,-0.7288148409651424,0.4360337820796143,0.05698602708211309,-0.6032360772737613,-1.4844139840446124,-1.5530275877911028,-1.0065859206112446,-0.7363213984573489,1.0313206190363695,-0.2368806682210096,-0.8068784341573317,0.014084739881739023
646,2022-09-30,0.2006307183641188,-0.07251188539889164,0.30972687206180516,0.9174172903077531,0.37040848804071136,1.1492934898280305,-0.20117314480026516,0.3766250386017932,-0.34319685156286056,-0.08443487064997933,0.05531310418767165,0.34539877466798885,-0.8897581351061928,0.0356819468145134,0.056986027082113394,-0.5340681409915964,-0.7116726659583743,0.008170140888139207,0.41088622450003237,0.158189250285678,1.0646501729279887,-0.021323879022416527,-0.3350407160082643,0.0034904049397685676
647,2022-10-10,3.353537111728628,0.21484352001937315,1.2687471463223854,0.8061889715266801,0.36325881486424616,1.6216832424690606,-0.039701836387592594,0.8735450629042415,0.7447191503387541,1.1546847445207333,-0.0003140552783927129,0.33747520860324165,-0.14356014587723695,-0.2500620712557272,-1.0008780277255938,-0.5871643154593398,-0.03552401263290883,0.8412462398052244,0.8260030669969063,0.008233317932145053,1.093920792078233,0.20631873345684618,0.06019869073117537,0.0
648,2022-10-11,1.3618570542137731,0.21484352001937315,1.2687471463223854,0.7946723011420866,0.37411511806205583,1.7074000010854846,0.38092923811228513,0.8735450629042415,0.8378607815968112,1.139905329213746,0.11394544574508482,0.3929401710565334,0.024147759398670393,-0.5339680171411793,-0.4315714963001121,-0.6243393478541338,0.9304026349748935,1.6284047584670311,0.7045054545587969,0.45968515653169245,1.104838062828399,0.3368524624662754,0.23361547410094824,-0.0034904049397686022
649,2022-10-12,0.5345811660567574,0.06452095845265736,0.58178585085019,0.878580098083025,0.38228798745045445,1.2934445456412587,0.27559725795486373,0.3766250386017932,0.39768383387464923,0.5001677809251592,0.0465918179675376,0.39294017105654216,-0.21248375495820307,-0.7381271918420422,-0.43157149630011193,-0.6503566520570316,0.9304026349748935,0.9593200176044937,0.17801580066032255,0.008233317932145053,1.1263626928829975,0.3085490295729787,0.13881789926714805,0.0
650,2022-10-13,-0.15614664230067962,0.06452095845265736,0.58178585085019,0.965311503925921,0.3872827435081805,1.2774183854313248,0.005721508920375213,0.3766250386017932,0.17759536001355083,0.19336295423970232,-0.16605231285082253,0.38501660499178625,-0.38411940650281445,-0.8862097203413782,-0.43157149630011177,-0.668557376227093,0.47963686609124284,-0.07710536530023143,0.11726699444126783,0.008233317932145053,1.1805428068184163,0.2798964544070596,0.06246651151370459,-0.0035026305512020003
651,2022-10-14,1.7961697069151819,-0.4060529478969707,-1.1954943895615502,0.9602115584222569,0.3771090911859934,0.37256309500371027,-0.16816682794426072,-0.12029498570063298,-0.21916277313739854,-0.8029159920514969,-0.1774063889091809,0.3255898595061165,-0.5673035934564692,-0.49355661948603213,-1.2138807481838796,-0.782924785523469,-0.2158303201863701,-0.8852547777930091,-0.4193474604937156,-0.4369483562424029,1.233025712383136,0.15788507978400473,-0.1358757640086602,0.0
652,2022-10-17,-0.5370208257526524,-0.4060529478969707,-1.1954943895615502,0.8616659279832952,0.3573965562824986,0.5083988562513373,-0.3324389733120951,-0.12029498570063298,-0.41686809948678016,-1.1777757075653468,-0.34525087835219687,0.32558985950610775,-0.6996786125345008,-0.6706990779038967,-1.2138807481838796,-0.9370207150437709,-0.7181121769424192,-1.1345216420359014,-0.35859865427466087,0.008233317932145053,1.2546000681890386,0.07921842773920088,-0.23082182479230795,0.0
653,2022-10-18,-0.2202215894914276,-0.4060529478969707,-1.1954943895615502,0.7139874741885657,0.332233559359755,0.506342396668918,-0.6692794111746503,-0.12029498570063298,-0.3917425188595581,-0.7925032221761755,-0.4795264699066099,0.36124590679751833,-0.8179441446549405,-0.8289604118914089,-1.2138807481838798,-1.0988070381868678,-1.0561865036051372,-1.1286179531459246,-0.23710104183655145,0.3102647011177074,1.2546000681890386,0.030207010309584236,-0.2631779407108333,-0.0035149421074446084
654,2022-10-19,-0.5320207197294605,-0.9306592398162544,-1.1954943895615502,0.5110315125829472,0.29266753251156713,0.21151786360785108,-0.7750865107427557,-0.6172150100030811,-0.7103044259631711,-1.227757002967223,-0.7457081717464628,0.3295516425384945,-0.9015667856981173,-0.9408630980398508,-1.21388074818388,-1.2513099847584845,-1.326645964935326,-1.1719116716723388,-0.4193474604937156,-0.14172261442139264,1.2330257123876458,-0.09313379890813911,-0.39834593256067274,0.003514942107444592
655,2022-10-20,-0.16543717315656672,0.12555451070860263,0.625577321592103,0.3162013497724467,0.25807368840635,0.3978982071536981,-0.5576945013199942,-0.12029498570063298,-0.4378417730879926,-0.6467244439207762,-0.958653533218345,0.36916947286226554,-0.9784548481886697,-1.0437536623428796,-1.21388074818388,-1.3866272945837037,-1.146339657381868,-0.6668182888643476,-0.004230617996841628,0.4628869426210498,1.2303289411805955,-0.06716292525697735,-0.28695419989509163,0.0035026305512020745
656,2022-10-21,0.8438553345221979,0.911112383721636,1.2687471463223854,0.20367287351926225,0.2399846584788699,0.8966275779031971,-0.31634072914973566,0.3766250386017932,0.3349324178154533,1.383765681779111,-0.8114873652031991,0.3691694728622743,-0.12835486472288427,-1.1891891219631627,0.48276364412475636,-1.2816958008276078,-0.5828824462773317,0.17347342980711106,0.3501374182809776,0.008233317932145053,1.2377660206522587,0.04790969634126382,-0.06683859622826784,-0.0035026305512020003
657,2022-10-24,1.798060150776074,0.05712992728753397,0.035705466832284705,0.1583418666472293,0.22067335505900057,0.4485988129148658,-0.3165080808278085,-0.12029498570063298,0.26209361337098475,1.040144275891594,-0.8525156593874116,0.33351342557086366,-0.32002677362603454,-1.2917224558966827,0.482763644124757,-1.0627542231019507,-0.13211667739368482,0.5132635236961374,-0.004230617996841628,-0.28958856862365345,1.2368507523863184,0.022962419018124475,-0.09661095523407262,0.0
658,2022-10-25,0.7255509556714234,0.05712992728753397,0.035705466832284705,0.1517423460493821,0.20141624187916674,0.19350130261811258,-0.3118838682827231,-0.12029498570063298,-0.3117625638466505,-0.08443487064992483,-0.8853382947347817,0.2899338122146971,-0.4897853082639508,-0.7429869131926687,-0.8439226740117156,-0.9758850071743638,-0.13211667739368482,0.10000530139869264,-0.004230617996841628,-0.28958856862365345,1.2571679136521385,0.0088915471333226,-0.1044377618588919,-0.007042282625412923
659,2022-10-26,2.6101609225407314,-1.4052597260763453,-1.1954943895615502,0.09050618875834984,0.15933806704721842,-0.4050909373884738,-0.5742568697630104,-1.1141350343055072,-1.4953143334858616,-1.3027289460699165,-0.594073945820026,0.23446884976139656,-0.7002088162702589,0.26014776799709793,-0.141071701160339,-0.872174017611874,-0.76318875383077,-0.983649592625712,-0.6015938791508798,-0.4400615148030624,1.1989000692341425,-0.18680163976136327,-0.3777301753295413,-0.010657294473988093
660,2022-10-27,3.0092595791260024,-1.4052597260763453,-1.1954943895615502,-0.13063854101406602,0.07033786469289345,-0.7277988772348203,-0.6617032429557468,-0.978611391313944,-2.820548646155387,-1.8145566345600084,-0.20230123809189204,0.1314624909195691,-0.8929880754814907,2.121754963042874,1.21976856643119,-0.5915310921445025,-0.9134440101253242,-0.9407931843874735,-1.4318275641446276,-0.8883563475382794,1.004479187598059,-0.5780718904388767,-0.8839121020177275,0.0
661,2022-10-28,0.6073575737556156,-1.4052597260763453,-1.1954943895615502,-0.44992427884143116,-0.041314569887969235,-0.9387976069662323,-0.7087071213128987,-0.978611391313944,-2.0184754133454543,-1.074904722417174,-0.3651667576983662,0.052226830271991896,-0.989710923458307,1.637903302662431,1.2197685664311901,-0.24352639737605875,-1.063699266419878,-0.836713335808869,-1.1382083340858633,-0.7415463438355197,0.8773811686390195,-0.7871276666826048,-1.0209560503281363,-0.014388737452099669
662,2022-10-31,1.627953414977107,-1.4052597260763453,-1.1954943895615502,-0.8158905745653529,-0.20653252629822852,-0.9406196126292078,-0.8520125607479887,-1.6110550586079557,-2.0275624290246346,-1.1452878655541348,-0.17793671619089374,-0.09832092495838013,-1.1091845956418949,2.736635929428408,1.7515857010497815,0.17953364834868635,-1.3341587277500675,-1.0999741292724292,-1.9785668201161204,-1.3413700732496516,0.5284803040080758,-1.2544934836544372,-1.5103726265853576,-0.010929070532190206
663,2022-11-01,5.385770380129011,-1.4052597260763453,-1.1954943895615502,-1.1619085830374967,-0.428263444885493,-1.3865253812999299,-0.8661980331309531,-1.1762500373433218,-1.9888277739765785,-1.44156587774175,0.2893697742077362,-0.29641007657731433,-1.2320232201655228,4.396373448285067,2.200689288217676,0.6647009245581637,-1.4543629327857037,-1.0999741292724228,-2.3633092595034673,-1.7912378703102458,0.10240206865866752,-1.7630299681634525,-1.9624372337095537,-0.00366972888896229
664,2022-11-02,2.615313977096358,-1.4052597260763453,-1.1954943895615502,-1.424647273596406,-0.6803071837676749,-1.4573227302368075,-0.9114904617973867,-1.2018268033000643,-1.6907510235820093,-1.171918524510436,0.1869312807376589,-0.4944992281962309,-1.2976717710730032,4.062577301234468,2.260954226613764,1.1497799148712151,-1.546827705890039,-1.0726590558897964,-1.948192417006593,-1.7975740364660209,-0.2950835258258342,-2.0852821045842163,-2.0502035776084613,0.0
665,2022-11-03,-0.4352217785306105,-1.4052597260763453,-1.1954943895615502,-1.6319483290607224,-0.9321997374841388,-1.5545057674163836,-0.8814561608911341,-1.2018268033000643,-1.2798568839421425,-0.7680929583698952,-0.05378074263472542,-0.7084355119446594,-1.3455944171044647,3.3788531070623873,2.2609542266137637,1.5952155764360454,-1.3009554683171438,-0.6353610001999617,-1.2900803496335,-1.9411938026637738,-0.6050798344669286,-2.186372637523535,-1.795252880331879,0.010969031370573937
666,2022-11-04,1.4401684508035375,-0.3471391893861536,1.2687471463223854,-1.7536854723773185,-1.1289586453060962,-1.388298667200625,-0.7295560253781125,-0.587984420338232,-0.8068238637469191,-0.1251804919014922,0.07117209586001172,-0.8986010974988288,-0.19498853317035847,2.538309584407912,0.4004657142360995,1.7423414108030177,-0.8051131225451398,0.00926188755155481,0.11726699444126783,-1.63551440209696,-0.7688523173743047,-1.866128829780959,-0.9718237461423038,0.0
667,2022-11-07,0.43234599701937326,-0.3471391893861536,1.2687471463223854,-1.7888977334134204,-1.2755785575255854,-1.5520425811314809,-0.7318495821075991,-0.587984420338232,-0.6447495019631416,0.34017474537956305,-0.30514931913317256,-1.0649959848587216,-0.33253536393794536,2.1265725087596206,0.4004657142360992,1.7252580815492906,-0.047232214422097345,0.7878699197402487,0.4311358265730506,-1.4913260056031798,-0.9007535533821973,-1.5885307492063134,-0.3757804974997303,-0.007299302481611608
668,2022-11-08,0.29974661133145014,-0.6798280681070884,0.5696444653885565,-1.7688846379290157,-1.4015376189626163,-1.5295716089177847,-0.7147410818175295,-0.9972126756461231,-0.6661398137820596,0.23836099548696393,-0.4474452225313907,-1.267046919510016,-0.4914692521001044,2.2113310595378675,0.6463963821229497,1.6577413456422083,0.383044201330468,0.8906500699100414,-0.1257282304349511,-1.7912378703102458,-1.0710192240603753,-1.5377241386215295,-0.23238700575895388,0.007299302481611535
669,2022-11-09,-0.6678215366991441,-0.037081109667897336,1.2687471463223854,-1.7117365343987119,-1.4778923438111202,-1.3918260746626379,-0.42068327135316974,-0.587984420338232,-0.5066561397224704,0.5780327300425914,-0.561281945249965,-1.3977857595784982,-0.6335036484539531,1.7216549210367187,0.646396382122949,1.5700048500880734,0.7887333933257487,0.9850815691243365,0.49188463279210537,-1.1998922148100946,-1.1623247162260804,-1.2485936201982724,0.2327245097814457,0.003629768050578731
670,2022-11-10,0.850316754523851,0.4672129173276477,1.2687471463223854,-1.635236649010217,-1.5017229850313716,-1.351371612216826,0.5840195332442227,-0.3833702926842907,-0.3075314590750892,1.0870017403307375,-0.3348288662321726,-1.4532507220318076,0.04739873818758587,1.1174452568857278,-0.6096351648959177,1.3159260524200576,0.9046445910386786,0.8097598990587423,0.6133822452302148,-0.6023015495072398,-1.2098264416807947,-0.9225374464875798,0.6591038213197495,0.010810916104215676
671,2022-11-11,1.49587143232462,1.3473311575471931,1.2687471463223854,-1.5073703390854698,-1.4504122813871698,-1.0707608947907883,1.4496687626957516,0.34556753708289756,0.22260921195176567,1.893273283612663,-0.3124276316142614,-1.4572125050641855,0.6577414582987364,0.6851942942717594,-1.0218055109952524,0.9441691647821926,1.5807932443641395,1.5614962843807683,1.281619113639817,-0.14440039892769524,-1.2078434090248917,-0.3996812420240654,1.2895533387640268,0.0035778213478839024
672,2022-11-14,0.8133390433308382,1.4381552056050149,1.2687471463223854,-1.3013410821706906,-1.3389539423465393,-1.0352067512191283,1.3311278076886357,0.5629700477152103,0.7968261504537908,1.426718357515175,-0.29450664391993914,-1.3700532783518524,1.6069761260582307,0.31274516553741094,-0.03463753090925191,0.6709764490837172,1.5507421931052245,1.1959048834911699,1.3423679198588718,0.627616516783695,-1.1904337852960543,0.03032287915380908,1.6573967889700199,0.0
673,2022-11-15,-0.4400925337949434,1.4381552056050149,1.2687471463223854,-1.0497396195307844,-1.1926530560222783,-1.3304102897233436,1.548677690929374,1.0646681491744,0.8684092170339947,0.849243494842799,-0.43893108236080386,-1.2234673061538495,1.2262613787389416,0.04355404988491001,-0.034637530909252215,0.47037302239092743,1.5206911418463225,0.8897876817893681,1.028499087727089,1.1040651312848786,-1.1658611137420016,0.29089909602741093,1.7025694642998292,-0.003577821347883855
674,2022-11-16,-0.4994077226563253,1.1647038094986597,0.4012792735038254,-0.7819076451905604,-1.0417059412239138,-1.4239389265777285,2.3823759938811135,0.9977750689798512,0.8200810542194431,0.57993703586339,-0.5544706331134958,-1.0729195509234688,0.8861058104625419,-0.19695897873948856,-0.03463753090925176,0.3231807371657561,1.0699253729626843,0.2714309343517088,0.29951341309843205,1.1080939247163224,-1.153421879629221,0.3432126993789787,1.4325086260981603,0.0
675,2022-11-17,-0.36051384936500624,1.1647038094986597,0.09744775561016487,-0.5531594716975804,-0.8933242919356162,-1.3158496072320025,1.3886237370902372,0.9977750689798512,0.7040927221591768,0.14858603358831987,-0.646902273715649,-0.9104864465959716,0.5826383410796814,0.17390393165001852,-0.6531234946467762,0.13489874862726123,0.6942872322263227,-0.06835915953730011,0.056518188222213106,1.1080939247163224,-1.1159997989219326,0.36176102876519206,1.1668164202860496,0.0
676,2022-11-18,0.3030092220261846,1.1647038094986597,-1.1954943895615502,-0.37439285569639064,-0.7522829961539615,-1.3102781251089184,0.4949816532756165,0.9977750689798512,0.7667183814504647,0.25183634473745653,-0.7208475861973714,-0.8154036538188736,0.772791501521198,-0.0858143008203352,-0.23722447993463094,-0.004942278775277497,-0.019425235172766623,-0.749469933323826,-0.1257282304349511,0.6298688193249746,-1.0380858542077234,0.3590864638037591,0.9230596064695772,0.0
677,2022-11-21,-0.3926461510504897,1.1647038094986597,-1.1954943895615482,-0.2415909329507125,-0.6215412591912035,-1.1445230801770254,-0.0891920318812775,0.9977750689798512,0.5293368259561956,-1.0215841594345425,-0.7800038361827495,-0.7203208610418022,0.47794672661850945,0.2900707932112063,-0.857118976257246,-0.18919192022185605,-0.4701910040564025,-0.9484461144300034,-0.1257282304349511,0.6298688193249746,-0.9642575871189577,0.3437024380810313,0.7093680175823309,0.007142887512380204
678,2022-11-22,0.7740592382267804,1.4381552056050149,1.2687471463223854,-0.10269723803151463,-0.4785449296331951,-0.9792707076529367,-0.09429741751881852,1.2876450831562707,0.8619156776093004,1.702842701532106,-0.5098063789784001,-0.5499641906495226,1.4668390452248457,-0.09625245468984225,0.24566848818344997,-0.23778000726894924,-0.3349612733913132,-0.28111061472005977,0.542508637974651,1.2606125331924214,-0.8791588919007308,0.5101275575623336,0.8057204025175777,0.010619568827460131
679,2022-11-23,0.9480115371269611,1.4381552056050149,1.2687471463223854,0.08318475329499946,-0.2987763758264973,-0.7992263024689191,0.4006762902723467,1.5998127907308732,1.3568492517891775,1.727387087666878,-0.29364841321492074,-0.3716839541924959,1.8212326448229004,-0.41220164508178936,0.7398654768138311,-0.14897874168120365,0.48607637707530665,1.0183569065041207,1.3828671240049082,1.406913196066002,-0.9047876627588923,0.8735291686322553,1.1724078209611835,-0.0035273405179682992
680,2022-11-24,-0.6240223209595462,1.1198170104589011,0.15637657743494368,0.2867375197826798,-0.11876106645402096,-0.7945760939283576,0.4393775786633623,1.0646681491744117,1.2888707709088092,1.101996128951304,-0.27948326920046673,-0.23302154805924905,1.7657305278629327,-0.6372844995521851,0.9511150965730294,0.03011638090555017,0.8804964248484891,1.1912037978936103,0.7753790618143608,1.0921539159223574,-0.9434468043750402,0.9623798751748001,1.0620981401885217,0.014035318116383583
681,2022-11-25,2.381723986429262,1.4381552056050149,1.2319985496822685,0.5293271027912855,0.0991421500735364,-0.6274760313235266,1.489947745740505,1.6354891001679825,1.5597159485179086,1.1219588963409608,0.049371303203748565,-0.09039735889361537,1.9618093368973817,-0.8893156892444049,1.3132090988206717,0.2877043790112065,1.286185616843766,1.274511407785324,1.7271103592462183,1.2336796468427351,-1.0782063144392215,1.3534238625545125,1.4181513304652373,-0.0034904049397686022
682,2022-11-28,0.954933550709146,1.1119754651392533,0.3628843218408247,0.7441419147213932,0.3139630044691792,-0.9606767071183971,0.4940299732440441,1.403593088826839,1.123720416278903,0.6351619046667574,0.15369373253079818,0.02053256601296806,1.3920954403757417,-1.067661053725181,1.3132090988206724,0.5643121709035963,1.1788604337762354,0.7954379871219912,0.9475006794350157,0.9240356190912151,-1.113437228670166,1.4378872275734156,1.2522424405691792,0.0069686693160934355
683,2022-11-29,2.2909861770728934,1.4381552056050149,0.39632874791344347,0.9222034192083597,0.5365303912142237,-0.4837970495911228,1.303908616747229,1.6499826008767942,1.3393901645072657,1.2178794858334046,0.23715167599243775,0.16711853821097092,2.092343171738815,-1.216551080080138,1.7499975710170443,0.8847928840673226,1.4927865942487628,1.1215621345064464,1.119622297055671,1.2293030528109146,-1.0847593547920233,1.616563636426374,1.2580324503394786,0.0
684,2022-11-30,0.9851990063073129,1.4381552056050149,0.39632874791344347,1.075868615247715,0.7478221924369446,-0.48276888228695136,0.5807437119462762,1.5998127907308741,1.206254143584817,1.1194415234040629,-0.01360442643090225,0.33351342557086366,1.6695777393173437,-1.308135849148279,1.749997571017045,1.2014960498663243,1.4026334404720269,0.9088106793236769,0.7045054545587969,1.3868604379565552,-0.970622954996903,1.6555136202564094,1.0572310974429415,-0.006968669316093316
685,2022-12-01,0.5019034936041927,0.3817445357130013,-1.1954943895615502,1.180032583525529,0.9120503449551081,-0.3523557085137834,-0.11868817600651131,0.9187196105680913,0.8492489365997721,0.4466163929946057,-0.055448079773244896,0.476137614736471,1.2186853432756317,-0.884635966365312,0.9863335761672504,1.3912005270692958,1.0269952997356555,0.2819263812671779,-0.1257282304349511,1.0804988557289055,-0.7752505719016768,1.419487013271877,0.4923045325542433,0.0
686,2022-12-02,0.02097737216638858,0.3817445357130013,-1.1954943895615502,1.249186057625104,1.0341907077904657,0.020844354139013768,0.00976656055773329,0.9187196105680913,0.561135544710549,-0.4202466991311682,-0.24768423104344864,0.6108382378373487,0.8893618865099701,-0.480174181301383,0.2826495780222551,1.4091984492310838,0.5440319759317538,-0.2170446575067744,-0.2978498480556061,1.0804988557289055,-0.6589632303516322,1.2164550259102416,0.0888737581242576,0.010434877292579714
687,2022-12-05,1.522244129274422,1.2982905798480127,0.5290852533456541,1.2896532842883073,1.1557314446410711,0.3180168733844933,-0.062282560083578686,1.867385111509116,0.8077567259767681,0.6535701942678798,-0.08395069486695937,0.8010038233915004,1.2889493392305955,-0.7221923910737791,0.818113712785911,1.407691247595566,0.7694148603735786,0.45422663479649605,0.6437566483397421,1.540041229070385,-0.5600074339981322,1.325511024345523,0.22497780482091526,0.0
688,2022-12-06,0.756894916921158,1.2982905798480127,0.5290852533456541,1.3166791750886353,1.265090010191019,0.6704027747296997,0.3024828727496171,1.5775150973326997,0.9041462513714715,1.2692252131499455,-0.11172509452209786,0.939666229524765,1.2910355258570965,-0.8976865727351825,1.0399390500732695,1.4251758567821617,1.1751040523688647,1.1377426151678438,0.46151022968257804,1.2249576089145493,-0.33366043299149495,1.3351762595530539,0.18773135689977768,-0.003466207976486284
689,2022-12-07,0.5072767940465251,0.7350397017073141,-0.8574653461443966,1.3441008394457559,1.343610627140079,1.3078157478860495,-0.3767963811600388,1.2876450831562707,0.8324440963593372,0.8928779590824644,-0.2927058428425309,1.0109783241075863,0.9536166229085652,-1.0258636878751708,1.0399390500732695,1.4509228503321532,1.310333783033959,1.0734580028104599,0.11726699444126783,0.6101691027315352,-0.13372691412980758,1.1899380755888624,-0.06981320126594873,0.006920442844573757
690,2022-12-08,-0.2785710176194365,1.3430219474451703,1.0203750444567983,1.3868810985797664,1.4178381486231997,2.390387115897173,-0.23870930928158907,1.867385111509116,0.8527757921659761,0.8582270610098017,-0.27872921290255487,1.1337935981112948,0.593623731597996,-0.6291403476284894,0.24597295784438755,1.3756285413679328,1.310333783033959,0.8530536175851502,0.6943806535222877,1.0653431590816034,0.03377552338916289,1.2406827417370307,0.012295757161091218,-0.003454234868087446
691,2022-12-09,-0.08057957937859965,0.44691140067033097,-0.8239006073997227,1.4191696599263093,1.4677210128446774,2.0375897891520705,-0.18019244178768123,1.5511632778621158,0.8083846467047369,0.653570194267898,-0.4263091375468963,1.1694496454026966,0.3318627398714751,-0.7887864533123178,0.24597295784438725,1.2549290216486422,1.310333783033959,0.797952521278823,0.16789099962381346,0.3060552044879389,0.13579016073162856,1.1244263464870787,-0.1675510850006614,-0.010434877292579619
692,2022-12-12,0.9705063332858342,-1.4052597260763453,-1.1954943895615502,1.3982997763583853,1.4586216434230659,1.1191708657974229,-0.42889252896588215,0.1281650264505801,0.02023922987829285,-1.3652055653222785,-0.3856118486660402,1.1654878623703275,0.052520252702288626,0.1299313668516428,-1.1606314397033723,0.9381653576919712,0.4989553990434089,-0.3591705011540279,-0.8850883081731353,0.008233317932145053,0.2360146162244627,0.7235309485070284,-0.7299202428276431,0.0069686693160934355
693,2022-12-13,0.2618302331450955,-0.47330549516280634,-0.28073568158427925,1.350692606486767,1.4334632645221672,1.4320979717195788,-0.5245797731131345,0.8735450629042351,0.2275579733325811,-0.677962753546897,-0.3530540175613552,1.1456789472084374,-0.18857746425108082,-0.16477800298817696,-1.1606314397033721,0.5472272253657532,-0.17719325428205188,-0.9928331086767819,-0.1257282304349511,0.008233317932145053,0.3467067981894667,0.6402589304514233,-0.7128284664840839,0.003466207976486329
694,2022-12-14,-0.4707259398625674,-0.04198301238461427,0.16590210488906107,1.3079477308638958,1.407253642673711,2.0614025794834827,-0.4294759549017577,1.3704650872066866,0.8688799624765724,0.6060961842439142,-0.4857689812739365,1.1496407302408067,0.0656185368719589,-0.3783246335324467,-0.5850867667620432,0.22513518467765353,-0.24480811961459495,-0.48314796784325975,0.22863980584286817,0.1566272093236658,0.5094119309972797,0.6582101623056401,-0.55033113892317,-0.003466207976486284
695,2022-12-15,-0.6509491285925684,-0.678466938027595,-0.4076382981750165,1.2469272006341052,1.3653120375787762,1.6200905224672986,-0.3369366396394236,0.8735450629042351,0.18610576286964498,-0.2550441001466249,-0.5919409522440019,1.1654878623703275,-0.13978483635568154,-0.0018642985053329878,-1.2709463460535924,-0.12464748284696851,0.43134053371086584,0.7841772472022462,-0.1257282304349511,0.307096539755623,0.7077625585261086,0.547736749820098,-0.6091501472748048,0.006920442844573757
696,2022-12-16,0.2836581737025537,0.19887615458842084,1.2061938799635956,1.2322896449370935,1.3357484996305056,1.5564789416631364,-0.27724942151533366,1.867385111509116,0.8083846467047291,0.69652287000385,-0.5181173004237314,1.228876390888384,0.0765934917054173,-0.284162518490988,-0.6866216779183949,-0.3840867134049971,1.1074891870363266,1.5004914991844875,0.5830078421206873,0.6059597615790915,0.9331568300226056,0.6477217207418885,-0.346778035634232,-0.006920442844573795
697,2022-12-19,0.2234034438562161,-1.0292719681077604,-0.36413699930272925,1.222429213431955,1.2871610870218508,0.811255979319138,-0.3072868907133869,0.47600904346228107,0.21048547427715544,0.1967099159853672,-0.45905837896751517,1.205105692694116,-0.17190890857494487,-0.5267687055734112,-0.6866216779183953,-0.5762536409753334,0.7694148603735884,0.4673459434408567,-0.06497942421589635,-0.13964709978673873,1.2310440380714178,0.4928829367035757,-0.5115360377009444,-0.010471299867295366
698,2022-12-20,-0.0060508184938474,-1.4052597260763453,-1.1954943895615502,1.1252106621596358,1.190187830708402,0.27018027746539214,-0.19957568453511584,-1.6110550586079557,-1.1810610455541244,-1.6295297236973771,-0.253050013206213,1.1337935981113123,-0.4186910955609958,0.32174886206565223,-0.5785329968951849,-0.7043675878979426,0.09326620704812794,-0.6346759826856676,-1.0572099257937904,-0.5832883529433806,1.4153646580118682,0.09642866241338628,-0.9985786243104882,0.0
699,2022-12-21,-0.9826210801477377,-1.4052597260763453,-1.1954943895615502,0.9692711823550596,1.0662848185197926,0.27401057386181976,-0.4576720252552592,-1.6110550586079557,-1.416891765301741,-1.2211062660790188,-0.4057657777898231,1.078328635658003,-0.5674079787329727,0.05259542713899041,-0.5785329968951847,-0.7893431612719067,-1.2590310996027934,-2.1499561311096396,-0.8850883081731353,-0.4369483562424029,1.4527808864264795,-0.14540869086451988,-1.1608865188863302,0.0035026305512020745
700,2022-12-22,-0.8617620238094977,-1.0157493779362732,-0.5184920128570167,0.7531358350472289,0.9424288315643278,0.5822010817170328,-0.5000182380540545,-0.9153670245845538,-1.2029596123878448,-0.6779627535469053,-0.5279383894567108,0.9990929750104347,-0.7003701542672683,-0.18804454256097272,-0.5785329968951847,-0.8453725788864427,-1.6647202915980746,-1.9020011977311782,-0.35859865427466087,-0.5812486230438114,1.5771261454102357,-0.1887588101307482,-0.9989061486863106,0.0034904049397685676
701,2022-12-23,-0.4166249849697859,-0.6368366266967714,0.1135110119341621,0.52974414608501,0.8353202552406409,0.7798353638502468,-0.13949084983218354,-0.2196789905611209,-0.6736500598556119,-0.19689278530412116,-0.4669152501938987,0.9515515786218901,-0.4056011330721844,-0.4449257091729478,-1.140972913482774,-0.955133992521106,-1.1238013689377038,-0.41427159746036074,0.056518188222213106,-0.2875275175056177,1.5771261454102357,-0.11023861788375393,-0.6901415173737502,-0.006993035490970637
702,2022-12-26,-0.2313055511390626,-1.4052597260763453,-0.7262848564533962,0.34195895523103614,0.7188171949299839,0.5684657656678526,-0.5988321972676325,-1.6110550586079557,-0.8930157402444716,-0.5061520506030439,-0.41809673878364917,0.9317426634600002,-0.587828436198127,-0.6656218376118797,-1.1409729134827742,-1.0833495744407597,-1.1238013689377038,-0.4693726937666861,-0.35859865427466087,-0.1411982929795892,1.5445871123639385,-0.24473368184085612,-0.7563163835676266,0.013937507843781678
703,2022-12-27,1.0435833940998782,-0.034536584595639276,1.2687471463223854,0.2798343867211677,0.6491793637797566,0.921511278056675,0.059750831530007244,1.1716970774857138,0.41793737441400475,1.8991977906106796,-0.0615194724627977,0.9357044464923782,0.03070928413942282,-0.9127279587167498,0.1445709958457071,-1.0434913539175175,-0.3124229849471415,0.46734594344087504,0.9981246846175614,0.1566272093236658,1.5426858833345174,0.06438104016063494,-0.1570371335825263,0.0034542348680873824
704,2022-12-28,0.994340958588835,0.6508276144922028,1.2687471463223854,0.3423581751038449,0.6221348075352908,0.9448795104041362,1.8113877212324399,1.2876450831562578,1.2466879176353156,1.4580622019711604,-0.2525413451950908,0.931742663460009,0.25363187760766087,-1.040290931601067,0.5763155568219678,-0.8650410764898354,0.2735725146015837,0.9724393262488527,1.0588734908366162,0.15611373565101935,1.5303981048408757,0.34480240678741664,0.2801997406729625,-0.006920442844573795
705,2022-12-29,0.0016263238427577048,-0.1829359250424166,0.09293584643235302,0.4522783016702086,0.5970118959233944,0.36472321687678333,0.6393334075644198,0.12816502645056724,0.7131013269371927,0.6436580383288175,-0.2465976147845955,0.9198573143628751,-0.014903687059432184,-0.632616241700123,-0.3401540025941228,-0.7495190481347178,0.9497211679270393,1.3673305164441834,0.16789099962381346,0.008233317932145053,1.5635524288755283,0.3123337218655404,0.1699613333110466,0.010362787035546658
